# VMD Timeline data file
# CREATOR= leyao
# MOL_NAME= step5_input.psf
# DATA_TITLE= inter-sel. contacts
# FILE_VERSION= 1.4
# NUM_FRAMES= 215 
# NUM_ITEMS= 15
# FREE_SELECTION= 1
#
freeSelLabel SER 67==resname ADN
freeSelString (same residue as index 996) or (resname ADN)
0 0
1 0
2 0
3 0
4 2
5 1
6 0
7 3
8 0
9 1
10 4
11 0
12 1
13 5
14 6
15 2
16 3
17 5
18 3
19 2
20 2
21 5
22 4
23 5
24 4
25 3
26 8
27 4
28 11
29 6
30 7
31 7
32 12
33 11
34 2
35 5
36 4
37 9
38 8
39 2
40 9
41 8
42 2
43 3
44 2
45 2
46 3
47 4
48 2
49 4
50 1
51 4
52 2
53 1
54 1
55 3
56 3
57 1
58 1
59 1
60 2
61 1
62 2
63 1
64 3
65 2
66 4
67 0
68 1
69 1
70 1
71 0
72 1
73 1
74 1
75 1
76 1
77 1
78 1
79 1
80 1
81 1
82 1
83 2
84 2
85 4
86 1
87 2
88 1
89 10
90 11
91 3
92 18
93 3
94 12
95 7
96 19
97 16
98 9
99 23
100 20
101 4
102 1
103 15
104 14
105 4
106 13
107 20
108 1
109 1
110 1
111 8
112 14
113 5
114 9
115 14
116 13
117 12
118 6
119 6
120 22
121 19
122 19
123 21
124 21
125 15
126 18
127 12
128 19
129 6
130 12
131 10
132 20
133 13
134 22
135 16
136 17
137 17
138 12
139 12
140 16
141 20
142 15
143 14
144 20
145 14
146 20
147 18
148 17
149 19
150 18
151 23
152 16
153 19
154 18
155 17
156 26
157 18
158 17
159 15
160 15
161 20
162 13
163 25
164 21
165 22
166 21
167 18
168 11
169 12
170 22
171 15
172 17
173 15
174 20
175 21
176 15
177 15
178 28
179 14
180 21
181 19
182 22
183 4
184 20
185 16
186 17
187 21
188 25
189 23
190 50
191 55
192 55
193 51
194 57
195 52
196 47
197 36
198 11
199 0
200 0
201 0
202 0
203 0
204 0
205 0
206 0
207 0
208 0
209 0
210 0
211 0
212 0
213 0
214 0
freeSelLabel VAL 84==resname ADN
freeSelString (same residue as index 1221) or (resname ADN)
0 20
1 17
2 2
3 9
4 11
5 8
6 12
7 17
8 10
9 8
10 15
11 16
12 14
13 17
14 13
15 17
16 11
17 16
18 24
19 18
20 15
21 29
22 20
23 14
24 16
25 17
26 15
27 17
28 20
29 23
30 26
31 24
32 18
33 24
34 11
35 19
36 22
37 19
38 18
39 17
40 19
41 23
42 16
43 15
44 23
45 20
46 21
47 19
48 15
49 31
50 11
51 26
52 21
53 29
54 33
55 26
56 15
57 21
58 13
59 24
60 20
61 15
62 18
63 20
64 22
65 16
66 29
67 19
68 15
69 25
70 16
71 18
72 18
73 18
74 20
75 19
76 32
77 17
78 23
79 11
80 18
81 26
82 27
83 30
84 30
85 24
86 33
87 28
88 21
89 20
90 22
91 18
92 15
93 18
94 26
95 12
96 14
97 14
98 13
99 7
100 22
101 27
102 15
103 25
104 18
105 20
106 17
107 18
108 32
109 20
110 20
111 21
112 20
113 19
114 25
115 18
116 21
117 22
118 23
119 22
120 10
121 13
122 13
123 4
124 9
125 9
126 10
127 18
128 9
129 18
130 12
131 10
132 11
133 10
134 2
135 10
136 7
137 16
138 18
139 14
140 6
141 10
142 10
143 5
144 6
145 5
146 7
147 5
148 11
149 7
150 6
151 5
152 14
153 4
154 6
155 4
156 4
157 21
158 9
159 10
160 19
161 11
162 10
163 0
164 5
165 3
166 3
167 7
168 6
169 17
170 3
171 13
172 2
173 12
174 5
175 1
176 5
177 2
178 3
179 2
180 1
181 1
182 8
183 2
184 7
185 2
186 1
187 0
188 1
189 1
190 0
191 0
192 0
193 0
194 0
195 0
196 0
197 0
198 0
199 0
200 0
201 0
202 0
203 0
204 0
205 0
206 0
207 0
208 0
209 0
210 0
211 0
212 0
213 0
214 0
freeSelLabel LEU 85==resname ADN
freeSelString (same residue as index 1237) or (resname ADN)
0 19
1 9
2 14
3 31
4 12
5 13
6 15
7 12
8 26
9 10
10 10
11 16
12 16
13 26
14 18
15 14
16 19
17 15
18 13
19 31
20 19
21 7
22 8
23 9
24 9
25 8
26 13
27 13
28 13
29 11
30 15
31 20
32 11
33 12
34 18
35 10
36 6
37 19
38 13
39 10
40 16
41 6
42 21
43 7
44 19
45 12
46 16
47 8
48 12
49 7
50 11
51 13
52 19
53 4
54 9
55 12
56 19
57 22
58 8
59 15
60 13
61 19
62 3
63 2
64 9
65 19
66 4
67 18
68 13
69 12
70 5
71 14
72 18
73 11
74 24
75 21
76 32
77 20
78 33
79 12
80 18
81 28
82 34
83 17
84 13
85 26
86 34
87 25
88 7
89 13
90 1
91 0
92 1
93 14
94 14
95 3
96 0
97 4
98 2
99 1
100 9
101 17
102 10
103 15
104 0
105 2
106 8
107 5
108 33
109 27
110 32
111 16
112 14
113 12
114 8
115 14
116 7
117 7
118 7
119 1
120 0
121 0
122 0
123 0
124 0
125 2
126 0
127 12
128 0
129 18
130 1
131 4
132 13
133 3
134 0
135 0
136 0
137 0
138 0
139 1
140 0
141 0
142 0
143 0
144 0
145 0
146 0
147 0
148 0
149 0
150 0
151 0
152 0
153 0
154 0
155 0
156 0
157 7
158 3
159 3
160 7
161 0
162 0
163 0
164 0
165 0
166 0
167 0
168 0
169 17
170 0
171 1
172 0
173 0
174 0
175 0
176 0
177 0
178 0
179 0
180 0
181 0
182 0
183 0
184 0
185 0
186 0
187 0
188 0
189 0
190 0
191 0
192 0
193 0
194 0
195 0
196 0
197 0
198 0
199 0
200 0
201 0
202 0
203 0
204 0
205 0
206 0
207 0
208 0
209 0
210 0
211 0
212 0
213 0
214 0
freeSelLabel THR 88==resname ADN
freeSelString (same residue as index 1291) or (resname ADN)
0 40
1 23
2 40
3 21
4 14
5 23
6 7
7 31
8 22
9 17
10 21
11 29
12 27
13 27
14 17
15 31
16 26
17 23
18 30
19 36
20 32
21 30
22 32
23 24
24 29
25 38
26 25
27 29
28 21
29 24
30 33
31 26
32 20
33 34
34 28
35 30
36 26
37 18
38 24
39 30
40 32
41 26
42 16
43 25
44 27
45 22
46 25
47 22
48 18
49 32
50 14
51 28
52 22
53 31
54 24
55 28
56 16
57 28
58 15
59 37
60 26
61 20
62 28
63 30
64 36
65 19
66 21
67 30
68 6
69 17
70 19
71 24
72 20
73 9
74 7
75 6
76 8
77 17
78 5
79 17
80 12
81 15
82 6
83 3
84 4
85 7
86 5
87 7
88 9
89 0
90 5
91 8
92 4
93 5
94 0
95 1
96 0
97 1
98 1
99 0
100 1
101 16
102 5
103 1
104 0
105 0
106 0
107 0
108 8
109 2
110 0
111 0
112 0
113 0
114 0
115 0
116 0
117 0
118 0
119 0
120 0
121 0
122 0
123 0
124 0
125 0
126 0
127 0
128 0
129 0
130 0
131 2
132 0
133 0
134 0
135 0
136 0
137 0
138 0
139 0
140 0
141 0
142 0
143 0
144 0
145 0
146 0
147 0
148 0
149 0
150 0
151 0
152 0
153 0
154 0
155 0
156 0
157 0
158 0
159 0
160 0
161 0
162 0
163 0
164 0
165 0
166 0
167 0
168 0
169 0
170 0
171 0
172 0
173 0
174 0
175 0
176 0
177 0
178 0
179 0
180 0
181 0
182 0
183 0
184 0
185 0
186 0
187 0
188 0
189 0
190 0
191 0
192 0
193 0
194 0
195 0
196 0
197 0
198 0
199 0
200 0
201 0
202 0
203 0
204 0
205 0
206 0
207 0
208 0
209 0
210 0
211 0
212 0
213 0
214 0
freeSelLabel PHE 168==resname ADN
freeSelString (same residue as index 2507) or (resname ADN)
0 68
1 41
2 17
3 64
4 34
5 68
6 49
7 28
8 41
9 51
10 42
11 31
12 64
13 42
14 62
15 66
16 32
17 44
18 50
19 46
20 72
21 55
22 57
23 61
24 78
25 26
26 60
27 53
28 31
29 68
30 42
31 63
32 66
33 47
34 55
35 65
36 42
37 67
38 77
39 7
40 57
41 43
42 58
43 32
44 43
45 47
46 43
47 37
48 56
49 41
50 44
51 32
52 51
53 42
54 56
55 40
56 52
57 63
58 57
59 38
60 20
61 51
62 8
63 55
64 42
65 49
66 43
67 18
68 59
69 65
70 60
71 38
72 59
73 43
74 40
75 77
76 76
77 52
78 71
79 33
80 37
81 49
82 67
83 55
84 50
85 68
86 69
87 69
88 74
89 57
90 71
91 67
92 64
93 58
94 69
95 61
96 56
97 42
98 60
99 62
100 56
101 55
102 43
103 63
104 54
105 58
106 68
107 67
108 59
109 73
110 49
111 49
112 57
113 80
114 55
115 40
116 62
117 59
118 71
119 62
120 40
121 69
122 57
123 51
124 49
125 57
126 56
127 78
128 70
129 61
130 58
131 52
132 77
133 49
134 52
135 69
136 46
137 55
138 69
139 78
140 52
141 42
142 58
143 72
144 49
145 65
146 56
147 60
148 62
149 62
150 59
151 53
152 43
153 24
154 34
155 41
156 34
157 73
158 58
159 70
160 45
161 45
162 56
163 47
164 36
165 56
166 55
167 51
168 35
169 50
170 66
171 76
172 80
173 67
174 48
175 64
176 55
177 46
178 58
179 70
180 66
181 64
182 80
183 44
184 46
185 57
186 45
187 53
188 25
189 26
190 23
191 27
192 6
193 7
194 0
195 9
196 6
197 23
198 11
199 6
200 0
201 0
202 0
203 0
204 0
205 0
206 0
207 0
208 0
209 0
210 0
211 0
212 0
213 0
214 0
freeSelLabel GLU 169==resname ADN
freeSelString (same residue as index 2527) or (resname ADN)
0 1
1 14
2 13
3 15
4 15
5 3
6 13
7 8
8 4
9 6
10 15
11 8
12 20
13 13
14 15
15 12
16 15
17 17
18 22
19 14
20 13
21 12
22 12
23 13
24 22
25 3
26 18
27 5
28 19
29 16
30 18
31 17
32 19
33 20
34 20
35 20
36 13
37 20
38 17
39 15
40 18
41 18
42 18
43 17
44 18
45 14
46 17
47 13
48 14
49 20
50 20
51 13
52 19
53 11
54 19
55 19
56 17
57 15
58 20
59 12
60 5
61 9
62 12
63 18
64 12
65 9
66 13
67 1
68 13
69 5
70 9
71 12
72 15
73 14
74 19
75 13
76 13
77 16
78 13
79 17
80 20
81 15
82 22
83 19
84 20
85 19
86 15
87 17
88 18
89 13
90 9
91 18
92 12
93 13
94 13
95 17
96 22
97 20
98 25
99 23
100 18
101 20
102 23
103 17
104 20
105 24
106 23
107 15
108 17
109 17
110 20
111 10
112 23
113 18
114 21
115 16
116 22
117 25
118 24
119 13
120 18
121 25
122 25
123 19
124 24
125 16
126 19
127 20
128 14
129 15
130 20
131 22
132 23
133 23
134 20
135 24
136 19
137 23
138 17
139 17
140 18
141 18
142 17
143 16
144 16
145 20
146 19
147 28
148 18
149 27
150 24
151 24
152 27
153 21
154 17
155 19
156 13
157 8
158 11
159 21
160 10
161 22
162 22
163 22
164 15
165 23
166 24
167 26
168 29
169 31
170 25
171 23
172 26
173 20
174 19
175 26
176 22
177 22
178 27
179 27
180 26
181 25
182 25
183 25
184 27
185 28
186 23
187 21
188 22
189 25
190 24
191 17
192 25
193 21
194 24
195 21
196 15
197 8
198 1
199 3
200 2
201 1
202 1
203 0
204 0
205 0
206 0
207 0
208 0
209 0
210 0
211 0
212 0
213 0
214 0
freeSelLabel MET 177==resname ADN
freeSelString (same residue as index 2652) or (resname ADN)
0 19
1 14
2 17
3 15
4 2
5 11
6 19
7 8
8 14
9 20
10 15
11 11
12 13
13 21
14 24
15 9
16 17
17 15
18 12
19 16
20 14
21 10
22 12
23 27
24 27
25 17
26 15
27 14
28 10
29 23
30 16
31 13
32 4
33 8
34 12
35 11
36 13
37 12
38 14
39 17
40 8
41 9
42 12
43 19
44 22
45 13
46 13
47 11
48 10
49 14
50 14
51 18
52 3
53 10
54 9
55 8
56 10
57 9
58 16
59 17
60 14
61 16
62 22
63 15
64 8
65 12
66 9
67 11
68 15
69 9
70 10
71 13
72 11
73 12
74 14
75 11
76 7
77 16
78 11
79 13
80 14
81 10
82 9
83 4
84 12
85 5
86 11
87 6
88 9
89 5
90 5
91 5
92 8
93 5
94 1
95 10
96 0
97 6
98 1
99 2
100 2
101 4
102 5
103 3
104 0
105 1
106 0
107 9
108 9
109 13
110 10
111 0
112 0
113 5
114 0
115 9
116 1
117 0
118 1
119 0
120 1
121 1
122 1
123 0
124 0
125 0
126 2
127 0
128 0
129 3
130 2
131 2
132 3
133 0
134 1
135 0
136 0
137 1
138 3
139 0
140 1
141 0
142 0
143 0
144 1
145 0
146 3
147 0
148 0
149 0
150 1
151 0
152 2
153 0
154 0
155 0
156 0
157 0
158 0
159 0
160 6
161 0
162 2
163 0
164 0
165 1
166 0
167 0
168 10
169 11
170 0
171 0
172 0
173 0
174 0
175 0
176 0
177 2
178 0
179 0
180 2
181 1
182 0
183 0
184 0
185 0
186 0
187 0
188 0
189 0
190 0
191 0
192 0
193 0
194 0
195 0
196 0
197 0
198 0
199 0
200 0
201 0
202 0
203 0
204 0
205 0
206 0
207 0
208 0
209 0
210 0
211 0
212 0
213 0
214 0
freeSelLabel TRP 246==resname ADN
freeSelString (same residue as index 3787) or (resname ADN)
0 18
1 20
2 16
3 21
4 21
5 11
6 13
7 14
8 24
9 16
10 9
11 17
12 13
13 17
14 12
15 16
16 11
17 16
18 13
19 14
20 17
21 17
22 15
23 14
24 18
25 18
26 18
27 13
28 12
29 5
30 17
31 13
32 19
33 15
34 10
35 13
36 11
37 17
38 18
39 16
40 20
41 16
42 14
43 21
44 21
45 28
46 21
47 12
48 7
49 6
50 18
51 25
52 23
53 16
54 1
55 12
56 9
57 17
58 8
59 21
60 15
61 10
62 16
63 7
64 9
65 20
66 18
67 12
68 8
69 26
70 9
71 14
72 16
73 13
74 0
75 7
76 0
77 1
78 0
79 8
80 8
81 5
82 1
83 0
84 0
85 0
86 0
87 2
88 2
89 1
90 1
91 1
92 1
93 6
94 0
95 0
96 0
97 0
98 0
99 0
100 0
101 1
102 1
103 0
104 0
105 0
106 0
107 0
108 3
109 2
110 0
111 0
112 0
113 0
114 0
115 0
116 0
117 0
118 0
119 0
120 0
121 0
122 0
123 0
124 0
125 1
126 0
127 0
128 0
129 0
130 0
131 0
132 0
133 0
134 0
135 0
136 0
137 0
138 0
139 0
140 0
141 0
142 0
143 0
144 0
145 0
146 0
147 0
148 0
149 0
150 0
151 0
152 0
153 0
154 0
155 0
156 0
157 0
158 0
159 0
160 0
161 0
162 0
163 0
164 0
165 0
166 0
167 0
168 0
169 0
170 0
171 0
172 0
173 0
174 0
175 0
176 0
177 0
178 0
179 0
180 0
181 0
182 0
183 0
184 0
185 0
186 0
187 0
188 0
189 0
190 0
191 0
192 0
193 0
194 0
195 0
196 0
197 0
198 0
199 0
200 0
201 0
202 0
203 0
204 0
205 0
206 0
207 0
208 0
209 0
210 0
211 0
212 0
213 0
214 0
freeSelLabel LEU 249==resname ADN
freeSelString (same residue as index 3844) or (resname ADN)
0 44
1 36
2 37
3 38
4 41
5 38
6 42
7 38
8 51
9 41
10 32
11 53
12 39
13 49
14 48
15 33
16 48
17 42
18 48
19 50
20 51
21 36
22 35
23 41
24 35
25 51
26 37
27 39
28 51
29 38
30 31
31 38
32 39
33 51
34 51
35 34
36 44
37 34
38 35
39 42
40 35
41 38
42 40
43 34
44 49
45 40
46 50
47 30
48 39
49 49
50 45
51 39
52 45
53 37
54 39
55 43
56 48
57 41
58 35
59 36
60 32
61 59
62 45
63 46
64 44
65 41
66 46
67 35
68 31
69 39
70 51
71 42
72 48
73 46
74 29
75 23
76 16
77 18
78 20
79 34
80 38
81 31
82 44
83 20
84 22
85 25
86 24
87 25
88 16
89 9
90 11
91 15
92 19
93 16
94 8
95 10
96 20
97 14
98 17
99 18
100 10
101 14
102 18
103 8
104 13
105 3
106 3
107 14
108 20
109 19
110 16
111 7
112 7
113 19
114 10
115 4
116 16
117 2
118 9
119 8
120 24
121 7
122 22
123 22
124 20
125 19
126 11
127 5
128 12
129 6
130 17
131 19
132 11
133 9
134 17
135 17
136 21
137 10
138 20
139 8
140 18
141 19
142 11
143 13
144 16
145 14
146 12
147 4
148 11
149 3
150 13
151 13
152 12
153 8
154 19
155 15
156 21
157 1
158 3
159 3
160 6
161 20
162 14
163 19
164 4
165 6
166 18
167 4
168 9
169 5
170 5
171 3
172 10
173 5
174 6
175 1
176 9
177 7
178 1
179 8
180 4
181 9
182 6
183 4
184 2
185 4
186 7
187 3
188 15
189 0
190 0
191 0
192 0
193 0
194 0
195 0
196 0
197 0
198 0
199 0
200 0
201 0
202 0
203 0
204 0
205 0
206 0
207 0
208 0
209 0
210 0
211 0
212 0
213 0
214 0
freeSelLabel HSD 250==resname ADN
freeSelString (same residue as index 3863) or (resname ADN)
0 8
1 14
2 11
3 16
4 15
5 17
6 15
7 13
8 10
9 16
10 16
11 14
12 10
13 15
14 15
15 8
16 14
17 13
18 5
19 12
20 7
21 3
22 7
23 10
24 8
25 13
26 14
27 19
28 18
29 14
30 9
31 11
32 16
33 16
34 14
35 8
36 14
37 10
38 16
39 17
40 18
41 16
42 15
43 15
44 13
45 16
46 11
47 13
48 13
49 17
50 15
51 12
52 7
53 10
54 8
55 8
56 8
57 12
58 7
59 7
60 15
61 14
62 14
63 14
64 14
65 10
66 17
67 4
68 15
69 11
70 15
71 11
72 4
73 3
74 0
75 0
76 0
77 0
78 0
79 1
80 4
81 0
82 0
83 0
84 0
85 0
86 0
87 0
88 0
89 0
90 0
91 0
92 0
93 0
94 0
95 0
96 0
97 0
98 0
99 0
100 0
101 0
102 0
103 0
104 0
105 0
106 0
107 0
108 0
109 0
110 0
111 0
112 0
113 0
114 0
115 0
116 0
117 0
118 0
119 0
120 0
121 0
122 0
123 0
124 0
125 0
126 0
127 0
128 0
129 0
130 0
131 0
132 0
133 0
134 0
135 0
136 0
137 0
138 0
139 0
140 0
141 0
142 0
143 0
144 0
145 0
146 0
147 0
148 0
149 0
150 0
151 0
152 0
153 0
154 0
155 0
156 0
157 0
158 0
159 0
160 0
161 0
162 0
163 0
164 0
165 0
166 0
167 0
168 0
169 0
170 0
171 0
172 0
173 0
174 0
175 0
176 0
177 0
178 0
179 0
180 0
181 0
182 0
183 0
184 0
185 0
186 0
187 0
188 0
189 0
190 0
191 0
192 0
193 0
194 0
195 0
196 0
197 0
198 0
199 0
200 0
201 0
202 0
203 0
204 0
205 0
206 0
207 0
208 0
209 0
210 0
211 0
212 0
213 0
214 0
freeSelLabel ASN 253==resname ADN
freeSelString (same residue as index 3918) or (resname ADN)
0 19
1 13
2 20
3 17
4 18
5 17
6 16
7 23
8 20
9 17
10 19
11 20
12 16
13 19
14 16
15 18
16 20
17 14
18 20
19 14
20 19
21 17
22 15
23 21
24 18
25 22
26 16
27 17
28 15
29 20
30 19
31 23
32 15
33 23
34 18
35 20
36 20
37 16
38 18
39 19
40 18
41 19
42 16
43 8
44 21
45 20
46 16
47 15
48 15
49 13
50 18
51 15
52 15
53 20
54 18
55 19
56 19
57 18
58 11
59 14
60 21
61 17
62 16
63 21
64 20
65 16
66 18
67 18
68 12
69 12
70 24
71 18
72 19
73 19
74 20
75 22
76 19
77 17
78 18
79 23
80 19
81 16
82 22
83 17
84 17
85 21
86 19
87 18
88 21
89 19
90 16
91 21
92 19
93 18
94 14
95 18
96 17
97 15
98 19
99 16
100 16
101 10
102 16
103 17
104 5
105 18
106 5
107 10
108 17
109 18
110 13
111 16
112 19
113 18
114 10
115 18
116 12
117 17
118 13
119 18
120 19
121 12
122 21
123 14
124 20
125 13
126 13
127 10
128 19
129 21
130 23
131 14
132 16
133 17
134 12
135 18
136 21
137 17
138 23
139 14
140 22
141 22
142 17
143 18
144 14
145 15
146 14
147 17
148 13
149 16
150 18
151 13
152 14
153 21
154 13
155 15
156 15
157 14
158 9
159 8
160 17
161 20
162 13
163 18
164 12
165 19
166 15
167 12
168 15
169 16
170 9
171 7
172 13
173 2
174 16
175 0
176 12
177 0
178 10
179 2
180 3
181 3
182 2
183 2
184 1
185 2
186 1
187 2
188 4
189 0
190 0
191 0
192 0
193 0
194 0
195 0
196 0
197 0
198 0
199 0
200 0
201 0
202 0
203 0
204 0
205 0
206 0
207 0
208 0
209 0
210 0
211 0
212 0
213 0
214 0
freeSelLabel MET 270==resname ADN
freeSelString (same residue as index 4178) or (resname ADN)
0 3
1 13
2 9
3 1
4 5
5 13
6 12
7 7
8 5
9 12
10 8
11 6
12 0
13 3
14 11
15 5
16 8
17 6
18 12
19 7
20 4
21 11
22 8
23 12
24 11
25 8
26 7
27 13
28 16
29 12
30 10
31 8
32 12
33 11
34 9
35 12
36 12
37 12
38 13
39 7
40 9
41 15
42 12
43 11
44 17
45 11
46 19
47 10
48 9
49 11
50 10
51 7
52 12
53 18
54 11
55 12
56 9
57 11
58 10
59 11
60 13
61 11
62 15
63 19
64 13
65 15
66 14
67 12
68 17
69 7
70 17
71 16
72 17
73 18
74 20
75 24
76 17
77 10
78 17
79 18
80 14
81 17
82 19
83 15
84 21
85 15
86 16
87 20
88 14
89 18
90 16
91 13
92 14
93 20
94 22
95 20
96 20
97 9
98 10
99 18
100 14
101 17
102 16
103 17
104 13
105 19
106 21
107 16
108 15
109 18
110 7
111 21
112 22
113 13
114 24
115 19
116 16
117 22
118 13
119 18
120 17
121 19
122 18
123 17
124 19
125 18
126 5
127 21
128 21
129 10
130 19
131 16
132 14
133 13
134 13
135 11
136 9
137 10
138 19
139 17
140 17
141 14
142 13
143 16
144 18
145 10
146 6
147 12
148 18
149 13
150 17
151 13
152 12
153 14
154 18
155 17
156 16
157 11
158 17
159 11
160 15
161 9
162 8
163 13
164 15
165 10
166 16
167 16
168 13
169 19
170 12
171 15
172 18
173 14
174 17
175 19
176 22
177 28
178 27
179 20
180 22
181 23
182 20
183 19
184 20
185 28
186 16
187 23
188 21
189 23
190 20
191 11
192 13
193 15
194 13
195 6
196 13
197 15
198 13
199 5
200 0
201 0
202 0
203 0
204 0
205 0
206 0
207 0
208 0
209 0
210 0
211 0
212 0
213 0
214 0
freeSelLabel ILE 274==resname ADN
freeSelString (same residue as index 4245) or (resname ADN)
0 25
1 21
2 25
3 28
4 26
5 25
6 21
7 21
8 23
9 25
10 19
11 24
12 12
13 19
14 28
15 27
16 19
17 28
18 37
19 15
20 18
21 31
22 28
23 20
24 17
25 17
26 20
27 24
28 25
29 7
30 12
31 10
32 30
33 26
34 20
35 22
36 21
37 9
38 23
39 20
40 14
41 15
42 14
43 18
44 24
45 8
46 20
47 22
48 7
49 18
50 20
51 23
52 30
53 5
54 22
55 21
56 24
57 17
58 26
59 19
60 16
61 26
62 30
63 19
64 20
65 18
66 21
67 24
68 18
69 21
70 23
71 16
72 25
73 21
74 30
75 22
76 28
77 33
78 25
79 36
80 16
81 28
82 34
83 41
84 34
85 36
86 41
87 30
88 23
89 44
90 35
91 47
92 54
93 47
94 20
95 28
96 37
97 40
98 34
99 43
100 37
101 20
102 29
103 35
104 52
105 28
106 52
107 24
108 29
109 18
110 11
111 27
112 39
113 5
114 31
115 45
116 48
117 37
118 50
119 43
120 46
121 38
122 28
123 51
124 52
125 30
126 23
127 20
128 25
129 31
130 44
131 24
132 30
133 34
134 35
135 50
136 44
137 35
138 27
139 29
140 38
141 30
142 36
143 29
144 46
145 35
146 42
147 48
148 28
149 40
150 41
151 56
152 37
153 36
154 26
155 53
156 56
157 8
158 56
159 38
160 25
161 33
162 34
163 64
164 58
165 49
166 48
167 31
168 26
169 22
170 28
171 17
172 33
173 36
174 33
175 53
176 23
177 36
178 31
179 35
180 20
181 38
182 40
183 53
184 31
185 34
186 31
187 38
188 36
189 36
190 29
191 41
192 29
193 26
194 32
195 32
196 29
197 8
198 1
199 0
200 0
201 0
202 0
203 0
204 0
205 0
206 0
207 0
208 0
209 0
210 0
211 0
212 0
213 0
214 0
freeSelLabel SER 277==resname ADN
freeSelString (same residue as index 4299) or (resname ADN)
0 6
1 4
2 8
3 17
4 21
5 12
6 13
7 13
8 15
9 20
10 12
11 4
12 11
13 17
14 11
15 8
16 18
17 19
18 13
19 13
20 11
21 18
22 14
23 14
24 13
25 21
26 15
27 18
28 11
29 1
30 12
31 4
32 7
33 13
34 15
35 9
36 18
37 11
38 15
39 15
40 12
41 14
42 23
43 16
44 18
45 20
46 15
47 14
48 10
49 10
50 11
51 18
52 14
53 5
54 2
55 15
56 12
57 1
58 7
59 8
60 14
61 15
62 21
63 13
64 13
65 19
66 19
67 12
68 10
69 11
70 14
71 11
72 14
73 16
74 11
75 1
76 4
77 8
78 2
79 13
80 6
81 16
82 6
83 3
84 3
85 0
86 0
87 5
88 0
89 0
90 2
91 7
92 1
93 0
94 0
95 0
96 1
97 0
98 4
99 1
100 0
101 0
102 0
103 0
104 0
105 0
106 0
107 0
108 0
109 1
110 0
111 0
112 0
113 0
114 0
115 0
116 0
117 0
118 0
119 0
120 8
121 1
122 2
123 3
124 6
125 1
126 2
127 0
128 0
129 0
130 0
131 7
132 0
133 0
134 2
135 9
136 11
137 3
138 13
139 0
140 0
141 0
142 0
143 0
144 3
145 1
146 1
147 6
148 4
149 0
150 5
151 4
152 2
153 0
154 0
155 6
156 10
157 0
158 0
159 0
160 0
161 1
162 0
163 8
164 2
165 3
166 2
167 0
168 0
169 0
170 0
171 0
172 0
173 0
174 0
175 0
176 0
177 0
178 0
179 0
180 0
181 0
182 0
183 0
184 0
185 0
186 0
187 0
188 0
189 0
190 0
191 0
192 0
193 0
194 0
195 0
196 0
197 0
198 0
199 0
200 0
201 0
202 0
203 0
204 0
205 0
206 0
207 0
208 0
209 0
210 0
211 0
212 0
213 0
214 0
freeSelLabel HSD 278==resname ADN
freeSelString (same residue as index 4310) or (resname ADN)
0 21
1 20
2 18
3 22
4 18
5 19
6 18
7 20
8 17
9 22
10 22
11 23
12 26
13 25
14 18
15 14
16 16
17 19
18 16
19 21
20 16
21 20
22 17
23 23
24 16
25 14
26 20
27 18
28 19
29 22
30 16
31 19
32 20
33 15
34 22
35 16
36 22
37 15
38 14
39 14
40 16
41 19
42 18
43 20
44 19
45 19
46 17
47 23
48 14
49 19
50 12
51 19
52 17
53 22
54 15
55 17
56 22
57 22
58 21
59 20
60 12
61 16
62 17
63 14
64 18
65 16
66 26
67 12
68 13
69 14
70 12
71 15
72 14
73 17
74 15
75 17
76 20
77 18
78 21
79 19
80 21
81 14
82 17
83 18
84 21
85 21
86 21
87 14
88 14
89 15
90 15
91 14
92 11
93 7
94 10
95 14
96 12
97 16
98 17
99 22
100 11
101 12
102 10
103 11
104 21
105 8
106 11
107 15
108 20
109 22
110 20
111 12
112 12
113 11
114 10
115 10
116 17
117 9
118 13
119 11
120 12
121 18
122 10
123 7
124 12
125 12
126 14
127 5
128 9
129 6
130 9
131 19
132 10
133 10
134 22
135 20
136 23
137 11
138 19
139 7
140 11
141 11
142 10
143 8
144 13
145 14
146 13
147 13
148 23
149 13
150 13
151 17
152 17
153 10
154 7
155 17
156 18
157 13
158 17
159 14
160 12
161 16
162 14
163 12
164 18
165 15
166 13
167 10
168 8
169 12
170 9
171 9
172 7
173 10
174 10
175 12
176 10
177 9
178 7
179 7
180 6
181 6
182 12
183 13
184 9
185 8
186 9
187 4
188 4
189 5
190 2
191 2
192 0
193 0
194 0
195 0
196 0
197 0
198 0
199 0
200 0
201 0
202 0
203 0
204 0
205 0
206 0
207 0
208 0
209 0
210 0
211 0
212 0
213 0
214 0
