13.19 0.0
13.225708972570898 7.199999999996011e-6
13.261417945141796 2.1600000000000823e-5
13.297126917712694 4.3200000000001646e-5
13.332835890283592 7.199999999999847e-5
13.36854486285449 0.00010800000000000412
13.404253835425388 0.00015120000000000576
13.439962807996286 0.0002016000000000034
13.475671780567184 0.0002591999999999971
13.511380753138083 0.0003239999999999995
13.54708972570898 0.000395999999999998
13.582798698279879 0.0004751999999999925
13.618507670850777 0.0005615999999999959
13.654216643421675 0.0006551999999999951
13.689925615992573 0.0007559999999999904
13.725634588563471 0.0008639999999999945
13.76134356113437 0.0009791999999999947
13.797052533705267 0.0011015999999999908
13.832761506276166 0.0012311999999999957
13.868470478847064 0.0013679999999999966
13.904179451417962 0.0015119999999999936
13.93988842398886 0.0016631999999999994
13.975597396559758 0.0018216000000000011
14.011306369130656 0.001987199999999999
14.047015341701554 0.0021599999999999927
14.082724314272452 0.0023399999999999953
14.11843328684335 0.0025271999999999938
14.154142259414249 0.0027215999999999885
14.189851231985147 0.002923199999999992
14.225560204556045 0.0031319999999999916
14.261269177126943 0.003347999999999987
14.296978149697841 0.003571199999999991
14.332687122268739 0.0038015999999999914
14.368396094839637 0.004039199999999988
14.404105067410535 0.004283999999999993
14.439814039981433 0.004535999999999994
14.475523012552332 0.004795199999999991
14.51123198512323 0.005061599999999997
14.546940957694128 0.005335199999999998
14.582649930265026 0.005615999999999996
14.618358902835924 0.00590399999999999
14.654067875406822 0.006199199999999992
14.68977684797772 0.006501599999999991
14.725485820548618 0.006811199999999986
14.761194793119516 0.007127999999999989
14.796903765690415 0.007451999999999989
14.832612738261313 0.007783199999999985
14.86832171083221 0.00812159999999999
14.904030683403109 0.008467199999999989
14.939739655974007 0.008819999999999986
14.975448628544905 0.00917999999999999
15.011157601115803 0.009547199999999992
15.046866573686701 0.009921599999999989
15.0825755462576 0.010303199999999995
15.118284518828498 0.010691999999999997
15.153993491399396 0.011087999999999995
15.189702463970294 0.01149119999999999
15.225411436541192 0.011901599999999993
15.26112040911209 0.012319199999999992
15.296829381682988 0.012743999999999986
15.332538354253886 0.01317599999999999
15.368247326824784 0.013615199999999989
15.403956299395682 0.014061599999999985
15.43966527196658 0.014515199999999989
15.475374244537479 0.01497599999999999
15.511083217108377 0.015443999999999986
15.546792189679275 0.01591919999999999
15.582501162250173 0.016401599999999992
15.618210134821071 0.016891199999999988
15.65391910739197 0.017387999999999994
15.689628079962867 0.017891999999999995
15.725337052533765 0.018403199999999995
15.761046025104664 0.01892159999999999
15.796754997675562 0.019447199999999994
15.83246397024646 0.019979999999999994
15.868172942817358 0.02051999999999999
15.903881915388256 0.021067199999999994
15.939590887959154 0.021621599999999994
15.975299860530052 0.02218319999999999
16.01100883310095 0.022751999999999994
16.046717805671847 0.023327999999999995
16.082426778242745 0.02391119999999999
16.118135750813643 0.024501599999999995
16.15384472338454 0.025099199999999995
16.18955369595544 0.02570399999999999
16.225262668526337 0.026315999999999996
16.260971641097235 0.0269352
16.296680613668133 0.0275616
16.33238958623903 0.028195199999999993
16.36809855880993 0.028835999999999997
16.403807531380828 0.029483999999999996
16.439516503951726 0.03013919999999999
16.475225476522624 0.030801599999999995
16.510934449093522 0.0314712
16.54664342166442 0.032147999999999996
16.58235239423532 0.032832
16.618061366806216 0.0335232
16.653770339377115 0.0342216
16.689479311948013 0.034927200000000005
16.72518828451891 0.035640000000000005
16.76089725708981 0.03636
16.796606229660707 0.03708720000000001
16.832315202231605 0.03782160000000001
16.868024174802503 0.038563200000000006
16.9037331473734 0.039312
16.9394421199443 0.040068000000000006
16.975151092515198 0.040831200000000005
17.010860065086096 0.0416016
17.046569037656994 0.042379200000000006
17.082278010227892 0.04316400000000001
17.11798698279879 0.043956
17.153695955369688 0.04475520000000001
17.189404927940586 0.04556160000000001
17.225113900511484 0.046375200000000005
17.260822873082383 0.04719600000000001
17.29653184565328 0.04802400000000001
17.33224081822418 0.048859200000000005
17.367949790795077 0.04970160000000001
17.403658763365975 0.05055120000000002
17.439367735936873 0.051408000000000016
17.47507670850777 0.05227200000000001
17.51078568107867 0.053143200000000015
17.546494653649567 0.05402160000000002
17.582203626220466 0.05490720000000001
17.617912598791364 0.055800000000000016
17.65362157136226 0.056700000000000014
17.68933054393316 0.05760720000000001
17.725039516504058 0.058521600000000014
17.760748489074956 0.059443200000000015
17.796457461645854 0.06037200000000001
17.832166434216752 0.061308000000000015
17.86787540678765 0.06225120000000002
17.90358437935855 0.06320160000000002
17.939293351929447 0.06415920000000001
17.975002324500345 0.06512400000000002
18.010711297071243 0.06609600000000002
18.04642026964214 0.06707520000000002
18.08212924221304 0.06806160000000001
18.117838214783937 0.06905520000000001
18.153547187354835 0.07005600000000001
18.189256159925733 0.07106400000000002
18.22496513249663 0.07207920000000001
18.26067410506753 0.0731016
18.296383077638428 0.07413120000000001
18.332092050209326 0.07516800000000001
18.367801022780224 0.07621200000000002
18.403509995351122 0.07726320000000002
18.43921896792202 0.07832160000000002
18.47492794049292 0.07938720000000002
18.510636913063816 0.08046000000000003
18.546345885634715 0.08154000000000003
18.582054858205613 0.08262720000000003
18.61776383077651 0.08372160000000002
18.65347280334741 0.08482320000000003
18.689181775918307 0.08593200000000002
18.724890748489205 0.08704800000000001
18.760599721060103 0.08817120000000002
18.796308693631 0.08930160000000002
18.8320176662019 0.09043920000000003
18.867726638772798 0.09158400000000003
18.903435611343696 0.09273600000000003
18.939144583914594 0.09389520000000003
18.974853556485492 0.09506160000000004
19.01056252905639 0.09623520000000003
19.046271501627288 0.09741600000000003
19.081980474198186 0.09860400000000002
19.117689446769084 0.09979920000000003
19.153398419339982 0.10100160000000002
19.18910739191088 0.10221120000000002
19.22481636448178 0.10342800000000002
19.260525337052677 0.10465200000000002
19.296234309623575 0.10588320000000002
19.331943282194473 0.10712160000000003
19.36765225476537 0.10836720000000002
19.40336122733627 0.10962000000000002
19.439070199907167 0.11088000000000003
19.474779172478065 0.11214720000000003
19.510488145048964 0.11342160000000003
19.54619711761986 0.11470320000000003
19.58190609019076 0.11599200000000004
19.617615062761658 0.11728800000000003
19.653324035332556 0.11859120000000002
19.689033007903454 0.11990160000000002
19.724741980474352 0.12121920000000003
19.76045095304525 0.12254400000000003
19.79615992561615 0.12387600000000003
19.831868898187047 0.12521520000000003
19.867577870757945 0.12656160000000002
19.903286843328843 0.12791520000000003
19.93899581589974 0.12927600000000003
19.97470478847064 0.13064400000000004
20.010413761041537 0.13201920000000003
20.046122733612435 0.13340160000000004
20.081831706183333 0.13479120000000003
20.11754067875423 0.13618800000000003
20.15324965132513 0.13759200000000002
20.188958623896028 0.13900320000000002
20.224667596466926 0.1404216
20.260376569037824 0.1418472
20.296085541608722 0.14328000000000002
20.33179451417962 0.14472000000000002
20.36750348675052 0.14616720000000002
20.403212459321416 0.14762160000000002
20.438921431892314 0.14908320000000003
20.474630404463213 0.15055200000000002
20.51033937703411 0.15202800000000002
20.54604834960501 0.15351120000000001
20.581757322175907 0.15500160000000002
20.617466294746805 0.1564992
20.653175267317703 0.158004
20.6888842398886 0.15951600000000002
20.7245932124595 0.16103520000000002
20.760302185030397 0.16256160000000003
20.796011157601296 0.16409520000000002
20.831720130172194 0.16563600000000003
20.867429102743092 0.16718400000000003
20.90313807531399 0.16873920000000003
20.938847047884888 0.17030160000000003
20.974556020455786 0.17187120000000003
21.010264993026684 0.17344800000000002
21.045973965597582 0.17503200000000002
21.08168293816848 0.1766232
21.11739191073938 0.1782216
21.153100883310277 0.17982720000000002
21.188809855881175 0.18144000000000002
21.224518828452073 0.18306000000000003
21.26022780102297 0.18468720000000002
21.29593677359387 0.18632160000000003
21.331645746164767 0.18796320000000002
21.367354718735665 0.18961200000000003
21.403063691306563 0.19126800000000002
21.43877266387746 0.19293120000000002
21.47448163644836 0.1946016
21.510190609019258 0.19627920000000001
21.545899581590156 0.197964
21.581608554161054 0.199656
21.617317526731952 0.2013552
21.65302649930285 0.2030616
21.68873547187375 0.20477520000000002
21.724444444444647 0.206496
21.760153417015545 0.20822400000000002
21.795862389586443 0.2099592
21.83157136215734 0.21170160000000002
21.86728033472824 0.2134512
21.902989307299137 0.215208
21.938698279870035 0.216972
21.974407252440933 0.2187432
22.01011622501183 0.22052159999999998
22.04582519758273 0.22230719999999998
22.081534170153628 0.2241
22.117243142724526 0.2259
22.152952115295424 0.2277072
22.188661087866322 0.2295216
22.22437006043722 0.2313432
22.260079033008118 0.233172
22.295788005579016 0.235008
22.331496978149914 0.23685119999999998
22.367205950720813 0.23870159999999999
22.40291492329171 0.24055919999999997
22.43862389586261 0.24242399999999997
22.474332868433507 0.24429599999999996
22.510041841004405 0.24617519999999996
22.545750813575303 0.24806159999999997
22.5814597861462 0.24995519999999996
22.6171687587171 0.25185599999999997
22.652877731287997 0.253764
22.688586703858896 0.2556792
22.724295676429794 0.2576016
22.76000464900069 0.2595312
22.79571362157159 0.26146800000000003
22.831422594142488 0.26341200000000004
22.867131566713386 0.2653632
22.902840539284284 0.26732160000000005
22.938549511855182 0.26928720000000006
22.97425848442608 0.27126000000000006
23.00996745699698 0.27324000000000004
23.045676429567877 0.27522720000000006
23.081385402138775 0.27722160000000007
23.117094374709673 0.27922320000000006
23.15280334728057 0.28123200000000004
23.18851231985147 0.28324800000000006
23.224221292422367 0.28527120000000006
23.259930264993265 0.28730160000000005
23.295639237564163 0.2893392
23.33134821013506 0.29138400000000003
23.36705718270596 0.29343600000000003
23.402766155276858 0.2954952
23.438475127847756 0.29756160000000004
23.474184100418654 0.29963520000000005
23.509893072989552 0.30171600000000004
23.54560204556045 0.3038040000000001
23.58131101813135 0.3058992000000001
23.617019990702246 0.3080016000000001
23.652728963273145 0.3101112000000001
23.688437935844043 0.3122280000000001
23.72414690841494 0.31435200000000013
23.75985588098584 0.31648320000000013
23.795564853556737 0.3186216000000001
23.831273826127635 0.32076720000000014
23.866982798698533 0.32292000000000015
23.90269177126943 0.32508000000000015
23.93840074384033 0.3272472000000001
23.974109716411228 0.32942160000000015
24.009818688982126 0.33160320000000015
24.045527661553024 0.33379200000000014
24.081236634123922 0.3359880000000001
24.11694560669482 0.33819120000000014
24.152654579265718 0.34040160000000014
24.188363551836616 0.3426192000000001
24.224072524407514 0.3448440000000001
24.259781496978412 0.3470760000000001
24.29549046954931 0.3493152000000001
24.33119944212021 0.3515616000000001
24.366908414691107 0.3538152000000001
24.402617387262005 0.3560760000000001
24.438326359832903 0.3583440000000001
24.4740353324038 0.36061920000000014
24.5097443049747 0.36290160000000016
24.545453277545597 0.36519120000000016
24.581162250116495 0.36748800000000015
24.616871222687394 0.3697920000000002
24.65258019525829 0.3721032000000002
24.68828916782919 0.3744216000000002
24.723998140400088 0.37674720000000017
24.759707112970986 0.3790800000000002
24.795416085541884 0.3814200000000002
24.831125058112782 0.3837672000000002
24.86683403068368 0.3861216000000002
24.90254300325458 0.3884832000000002
24.938251975825477 0.3908520000000002
24.973960948396375 0.3932280000000002
25.009669920967273 0.39561120000000016
25.04537889353817 0.3980016000000002
25.08108786610907 0.4003992000000002
25.116796838679967 0.40280400000000016
25.152505811250865 0.4052160000000002
25.188214783821763 0.4076352000000002
25.22392375639266 0.4100616000000002
25.25963272896356 0.4124952000000002
25.295341701534458 0.4149360000000002
25.331050674105356 0.4173840000000002
25.366759646676254 0.4198392000000002
25.402468619247152 0.4223016000000002
25.43817759181805 0.42477120000000024
25.47388656438895 0.42724800000000024
25.509595536959846 0.4297320000000002
25.545304509530744 0.43222320000000025
25.581013482101643 0.43472160000000026
25.61672245467254 0.43722720000000026
25.65243142724344 0.43974000000000024
25.688140399814337 0.44226000000000026
25.723849372385235 0.44478720000000027
25.759558344956133 0.44732160000000026
25.79526731752703 0.44986320000000024
25.83097629009793 0.45241200000000026
25.866685262668828 0.45496800000000026
25.902394235239726 0.45753120000000025
25.938103207810624 0.4601016000000002
25.973812180381522 0.46267920000000023
26.00952115295242 0.46526400000000023
26.045230125523318 0.4678560000000002
26.080939098094216 0.47045520000000024
26.116648070665114 0.47306160000000025
26.152357043236012 0.47567520000000024
26.18806601580691 0.4782960000000002
26.22377498837781 0.48092400000000024
26.259483960948707 0.48355920000000024
26.295192933519605 0.48620160000000023
26.330901906090503 0.48885120000000026
26.3666108786614 0.4915080000000003
26.4023198512323 0.4941720000000003
26.438028823803197 0.49684320000000026
26.473737796374095 0.4995216000000003
26.509446768944994 0.5022072000000003
26.54515574151589 0.5049000000000003
26.58086471408679 0.5076000000000004
26.616573686657688 0.5103072000000004
26.652282659228586 0.5130216000000004
26.687991631799484 0.5157432000000004
26.723700604370382 0.5184720000000004
26.75940957694128 0.5212080000000003
26.79511854951218 0.5239512000000004
26.830827522083077 0.5267016000000004
26.866536494653975 0.5294592000000005
26.902245467224873 0.5322240000000005
26.93795443979577 0.5349960000000005
26.97366341236667 0.5377752000000005
27.009372384937567 0.5405616000000004
27.045081357508465 0.5433552000000004
27.080790330079363 0.5461560000000004
27.11649930265026 0.5489640000000005
27.15220827522116 0.5517792000000005
27.187917247792058 0.5546016000000005
27.223626220362956 0.5574312000000005
27.259335192933854 0.5602680000000004
27.295044165504752 0.5631120000000004
27.33075313807565 0.5659632000000004
27.366462110646548 0.5688216000000005
27.402171083217446 0.5716872000000005
27.437880055788344 0.5745600000000005
27.473589028359243 0.5774400000000005
27.50929800093014 0.5803272000000005
27.54500697350104 0.5832216000000005
27.580715946071937 0.5861232000000004
27.616424918642835 0.5890320000000004
27.652133891213733 0.5919480000000005
27.68784286378463 0.5948712000000005
27.72355183635553 0.5978016000000005
27.759260808926427 0.6007392000000005
27.794969781497326 0.6036840000000004
27.830678754068224 0.6066360000000004
27.866387726639122 0.6095952000000004
27.90209669921002 0.6125616000000005
27.937805671780918 0.6155352000000005
27.973514644351816 0.6185160000000005
28.009223616922714 0.6215040000000005
28.044932589493612 0.6244992000000005
28.08064156206451 0.6275016000000004
28.11635053463541 0.6305112000000004
28.152059507206307 0.6335280000000004
28.187768479777205 0.6365520000000005
28.223477452348103 0.6395832000000005
28.259186424919 0.6426216000000005
28.2948953974899 0.6456672000000004
28.330604370060797 0.6487200000000004
28.366313342631695 0.6517800000000004
28.402022315202593 0.6548472000000004
28.43773128777349 0.6579216000000004
28.47344026034439 0.6610032000000005
28.509149232915288 0.6640920000000005
28.544858205486186 0.6671880000000004
28.580567178057084 0.6702912000000004
28.616276150627982 0.6734016000000004
28.65198512319888 0.6765192000000004
28.68769409576978 0.6796440000000005
28.723403068340676 0.6827760000000005
28.759112040911575 0.6859152000000005
28.794821013482473 0.6890616000000005
28.83052998605337 0.6922152000000005
28.86623895862427 0.6953760000000004
28.901947931195167 0.6985440000000004
28.937656903766065 0.7017192000000004
28.973365876336963 0.7049016000000005
29.00907484890786 0.7080912000000005
29.04478382147876 0.7112880000000005
29.080492794049658 0.7144920000000005
29.116201766620556 0.7177032000000004
29.151910739191454 0.7209216000000004
29.187619711762352 0.7241472000000004
29.22332868433325 0.7273800000000005
29.259037656904148 0.7306200000000005
29.294746629475046 0.7338672000000005
29.330455602045944 0.7371216000000005
29.366164574616842 0.7403832000000005
29.40187354718774 0.7436520000000004
29.43758251975864 0.7469280000000004
29.473291492329537 0.7502112000000004
29.509000464900435 0.7535016000000004
29.544709437471333 0.7567992000000004
29.58041841004223 0.7601040000000004
29.61612738261313 0.7634160000000004
29.651836355184027 0.7667352000000004
29.687545327754925 0.7700616000000003
29.723254300325824 0.7733952000000004
29.75896327289672 0.7767360000000004
29.79467224546762 0.7800840000000004
29.830381218038518 0.7834392000000004
29.866090190609416 0.7868016000000004
29.901799163180314 0.7901712000000004
29.937508135751212 0.7935480000000004
29.97321710832211 0.7969320000000004
30.00892608089301 0.8003232000000005
30.044635053463907 0.8037216000000005
30.080344026034805 0.8071272000000005
30.116052998605703 0.8105400000000005
30.1517619711766 0.8139600000000005
30.1874709437475 0.8173872000000004
30.223179916318397 0.8208216000000004
30.258888888889295 0.8242632000000004
30.294597861460193 0.8277120000000004
30.33030683403109 0.8311680000000005
30.36601580660199 0.8346312000000005
30.401724779172888 0.8381016000000004
30.437433751743786 0.8415792000000004
30.473142724314684 0.8450640000000004
30.508851696885582 0.8485560000000004
30.54456066945648 0.8520552000000005
30.58026964202738 0.8555616000000005
30.615978614598276 0.8590752000000005
30.651687587169175 0.8625960000000005
30.687396559740073 0.8661240000000004
30.72310553231097 0.8696592000000004
30.75881450488187 0.8732016000000005
30.794523477452767 0.8767512000000005
30.830232450023665 0.8803080000000005
30.865941422594563 0.8838720000000005
30.90165039516546 0.8874432000000005
30.93735936773636 0.8910216000000005
30.973068340307258 0.8946072000000005
31.008777312878156 0.8982000000000004
31.044486285449054 0.9018000000000005
31.080195258019952 0.9054072000000005
31.11590423059085 0.9090216000000005
31.151613203161748 0.9126432000000005
31.187322175732646 0.9162720000000005
31.223031148303544 0.9199080000000005
31.258740120874442 0.9235512000000005
31.29444909344534 0.9272016000000004
31.33015806601624 0.9308592000000004
31.365867038587137 0.9345240000000005
31.401576011158035 0.9381960000000005
31.437284983728933 0.9418752000000005
31.47299395629983 0.9455616000000004
31.50870292887073 0.9492552000000004
31.544411901441627 0.9529560000000004
31.580120874012525 0.9566640000000004
31.615829846583424 0.9603792000000004
31.65153881915432 0.9641016000000004
31.68724779172522 0.9678312000000004
31.722956764296118 0.9715680000000004
31.758665736867016 0.9753120000000004
31.794374709437914 0.9790632000000004
31.830083682008812 0.9828216000000004
31.86579265457971 0.9865872000000004
31.90150162715061 0.9903600000000005
31.937210599721507 0.9941400000000005
31.972919572292405 0.9979272000000005
32.0086285448633 1.0017216000000004
32.044337517434194 1.0055232000000005
32.08004649000509 1.0093320000000006
32.11575546257598 1.0131480000000006
32.15146443514688 1.0169712000000006
32.18717340771777 1.0208016000000006
32.22288238028867 1.0246392000000006
32.25859135285956 1.0284840000000006
32.294300325430456 1.0323360000000006
32.33000929800135 1.0361952000000005
32.365718270572245 1.0400616000000005
32.40142724314314 1.0439352000000004
32.437136215714034 1.0478160000000003
32.47284518828493 1.0517040000000004
32.50855416085582 1.0555992000000005
32.54426313342672 1.0595016000000006
32.57997210599761 1.0634112000000007
32.61568107856851 1.0673280000000007
32.6513900511394 1.0712520000000008
32.687099023710296 1.0751832000000008
32.72280799628119 1.0791216000000008
32.758516968852085 1.0830672000000008
32.79422594142298 1.0870200000000008
32.829934913993874 1.0909800000000007
32.86564388656477 1.0949472000000007
32.90135285913566 1.0989216000000006
32.93706183170656 1.1029032000000005
32.97277080427745 1.1068920000000004
33.00847977684835 1.1108880000000003
33.04418874941924 1.1148912000000004
33.079897721990136 1.1189016000000005
33.11560669456103 1.1229192000000006
33.151315667131925 1.1269440000000006
33.18702463970282 1.1309760000000006
33.222733612273714 1.1350152000000007
33.25844258484461 1.1390616000000007
33.2941515574155 1.1431152000000007
33.3298605299864 1.1471760000000006
33.36556950255729 1.1512440000000006
33.40127847512819 1.1553192000000005
33.43698744769908 1.1594016000000005
33.472696420269976 1.1634912000000004
33.50840539284087 1.1675880000000003
33.544114365411765 1.1716920000000004
33.57982333798266 1.1758032000000005
33.615532310553554 1.1799216000000006
33.65124128312445 1.1840472000000006
33.68695025569534 1.1881800000000007
33.72265922826624 1.1923200000000007
33.75836820083713 1.1964672000000007
33.79407717340803 1.2006216000000007
33.82978614597892 1.2047832000000007
33.865495118549816 1.2089520000000007
33.90120409112071 1.2131280000000007
33.936913063691605 1.2173112000000006
33.9726220362625 1.2215016000000005
34.008331008833395 1.2256992000000004
34.04403998140429 1.2299040000000003
34.079748953975184 1.2341160000000004
34.11545792654608 1.2383352000000005
34.15116689911697 1.2425616000000006
34.18687587168787 1.2467952000000007
34.22258484425876 1.2510360000000007
34.25829381682966 1.2552840000000007
34.29400278940055 1.2595392000000007
34.329711761971446 1.2638016000000007
34.36542073454234 1.2680712000000007
34.401129707113235 1.2723480000000007
34.43683867968413 1.2766320000000007
34.472547652255024 1.2809232000000006
34.50825662482592 1.2852216000000005
34.54396559739681 1.2895272000000004
34.57967456996771 1.2938400000000003
34.6153835425386 1.2981600000000004
34.6510925151095 1.3024872000000005
34.68680148768039 1.3068216000000006
34.722510460251286 1.3111632000000006
34.75821943282218 1.3155120000000007
34.793928405393075 1.3198680000000007
34.82963737796397 1.3242312000000007
34.865346350534864 1.3286016000000007
34.90105532310576 1.3329792000000007
34.93676429567665 1.3373640000000007
34.97247326824755 1.3417560000000006
35.00818224081844 1.3461552000000006
35.04389121338934 1.3505616000000005
35.07960018596023 1.3549752000000004
35.115309158531126 1.3593960000000005
35.15101813110202 1.3638240000000006
35.186727103672915 1.3682592000000007
35.22243607624381 1.3727016000000007
35.258145048814704 1.3771512000000008
35.2938540213856 1.3816080000000008
35.32956299395649 1.3860720000000009
35.36527196652739 1.3905432000000009
35.40098093909828 1.3950216000000009
35.43668991166918 1.3995072000000008
35.47239888424007 1.4040000000000008
35.508107856810966 1.4085000000000008
35.54381682938186 1.4130072000000007
35.579525801952755 1.4175216000000006
35.61523477452365 1.4220432000000005
35.650943747094544 1.4265720000000004
35.68665271966544 1.4311080000000005
35.72236169223633 1.4356512000000006
35.75807066480723 1.4402016000000006
35.79377963737812 1.4447592000000007
35.82948860994902 1.4493240000000007
35.86519758251991 1.4538960000000007
35.900906555090806 1.4584752000000007
35.9366155276617 1.4630616000000007
35.972324500232595 1.4676552000000007
36.00803347280349 1.4722560000000007
36.043742445374384 1.4768640000000006
36.07945141794528 1.4814792000000006
36.11516039051617 1.4861016000000005
36.15086936308707 1.4907312000000004
36.18657833565796 1.4953680000000005
36.22228730822886 1.5000120000000006
36.25799628079975 1.5046632000000006
36.293705253370646 1.5093216000000007
36.32941422594154 1.5139872000000008
36.365123198512435 1.5186600000000008
36.40083217108333 1.5233400000000008
36.436541143654225 1.5280272000000008
36.47225011622512 1.5327216000000008
36.507959088796014 1.5374232000000008
36.54366806136691 1.5421320000000007
36.5793770339378 1.5468480000000007
36.6150860065087 1.5515712000000006
36.65079497907959 1.5563016000000005
36.68650395165049 1.5610392000000004
36.72221292422138 1.5657840000000005
36.757921896792276 1.5705360000000006
36.79363086936317 1.5752952000000007
36.829339841934065 1.5800616000000007
36.86504881450496 1.5848352000000008
36.900757787075854 1.5896160000000008
36.93646675964675 1.5944040000000008
36.97217573221764 1.5991992000000008
37.00788470478854 1.6040016000000008
37.04359367735943 1.6088112000000008
37.07930264993033 1.6136280000000007
37.11501162250122 1.6184520000000007
37.150720595072116 1.6232832000000006
37.18642956764301 1.6281216000000005
37.222138540213905 1.6329672000000004
37.2578475127848 1.6378200000000005
37.293556485355694 1.6426800000000006
37.32926545792659 1.6475472000000007
37.36497443049748 1.6524216000000007
37.40068340306838 1.6573032000000008
37.43639237563927 1.6621920000000008
37.47210134821017 1.6670880000000008
37.50781032078106 1.6719912000000008
37.543519293351956 1.6769016000000008
37.57922826592285 1.6818192000000007
37.614937238493745 1.6867440000000007
37.65064621106464 1.6916760000000006
37.686355183635534 1.6966152000000005
37.72206415620643 1.7015616000000005
37.75777312877732 1.7065152000000006
37.79348210134822 1.7114760000000007
37.82919107391911 1.7164440000000007
37.86490004649001 1.7214192000000008
37.9006090190609 1.7264016000000009
37.936317991631796 1.731391200000001
37.97202696420269 1.736388000000001
38.007735936773585 1.741392000000001
38.04344490934448 1.746403200000001
38.079153881915374 1.751421600000001
38.11486285448627 1.7564472000000009
38.15057182705716 1.7614800000000008
38.18628079962806 1.7665200000000008
38.22198977219895 1.7715672000000007
38.25769874476985 1.7766216000000006
38.29340771734074 1.7816832000000005
38.329116689911636 1.7867520000000006
38.36482566248253 1.7918280000000006
38.400534635053425 1.7969112000000007
38.43624360762432 1.8020016000000008
38.471952580195214 1.8070992000000008
38.50766155276611 1.8122040000000008
38.543370525337004 1.8173160000000008
38.5790794979079 1.8224352000000008
38.61478847047879 1.8275616000000008
38.65049744304969 1.8326952000000007
38.68620641562058 1.8378360000000007
38.721915388191476 1.8429840000000006
38.75762436076237 1.8481392000000005
38.793333333333266 1.8533016000000004
38.82904230590416 1.8584712000000005
38.864751278475055 1.8636480000000006
38.90046025104595 1.8688320000000007
38.936169223616844 1.8740232000000008
38.97187819618774 1.8792216000000008
39.00758716875863 1.8844272000000009
39.04329614132953 1.8896400000000009
39.07900511390042 1.8948600000000009
39.11471408647132 1.9000872000000009
39.15042305904221 1.9053216000000008
39.186132031613106 1.9105632000000008
39.221841004184 1.9158120000000007
39.257549976754895 1.9210680000000007
39.29325894932579 1.9263312000000006
39.328967921896684 1.9316016000000005
39.36467689446758 1.9368792000000006
39.40038586703847 1.9421640000000007
39.43609483960937 1.9474560000000007
39.47180381218026 1.9527552000000008
39.50751278475116 1.9580616000000008
39.54322175732205 1.9633752000000009
39.578930729892946 1.968696000000001
39.61463970246384 1.974024000000001
39.650348675034735 1.9793592000000009
39.68605764760563 1.9847016000000008
39.721766620176524 1.9900512000000008
39.75747559274742 1.9954080000000007
39.79318456531831 2.000772000000001
39.82889353788921 2.006143200000001
39.8646025104601 2.011521600000001
39.900311483031 2.016907200000001
39.93602045560189 2.022300000000001
39.971729428172786 2.0277000000000007
40.00743840074368 2.033107200000001
40.043147373314575 2.0385216000000006
40.07885634588547 2.0439432000000006
40.114565318456364 2.0493720000000004
40.15027429102726 2.0548080000000004
40.18598326359815 2.0602512000000006
40.22169223616905 2.0657016000000006
40.25740120873994 2.0711592000000008
40.29311018131084 2.0766240000000007
40.32881915388173 2.082096000000001
40.364528126452626 2.0875752000000007
40.40023709902352 2.093061600000001
40.435946071594415 2.0985552000000007
40.47165504416531 2.104056000000001
40.507364016736204 2.1095640000000007
40.5430729893071 2.1150792000000007
40.57878196187799 2.1206016000000005
40.61449093444889 2.1261312000000006
40.65019990701978 2.1316680000000003
40.68590887959068 2.1372120000000003
40.72161785216157 2.1427632000000005
40.757326824732466 2.1483216000000005
40.79303579730336 2.1538872000000007
40.828744769874255 2.1594600000000006
40.86445374244515 2.1650400000000007
40.900162715016045 2.1706272000000006
40.93587168758694 2.1762216000000008
40.971580660157834 2.1818232000000006
41.00728963272873 2.1874320000000007
41.04299860529962 2.1930480000000006
41.07870757787052 2.1986712000000006
41.11441655044141 2.2043016000000004
41.150125523012306 2.2099392000000004
41.1858344955832 2.2155840000000007
41.221543468154096 2.2212360000000007
41.25725244072499 2.226895200000001
41.292961413295885 2.232561600000001
41.32867038586678 2.238235200000001
41.364379358437674 2.243916000000001
41.40008833100857 2.249604000000001
41.43579730357946 2.255299200000001
41.47150627615036 2.261001600000001
41.50721524872125 2.266711200000001
41.54292422129215 2.272428000000001
41.57863319386304 2.278152000000001
41.614342166433936 2.283883200000001
41.65005113900483 2.2896216000000007
41.685760111575725 2.2953672000000007
41.72146908414662 2.3011200000000005
41.757178056717514 2.3068800000000005
41.79288702928841 2.3126472000000007
41.8285960018593 2.3184216000000006
41.8643049744302 2.324203200000001
41.90001394700109 2.3299920000000007
41.93572291957199 2.335788000000001
41.97143189214288 2.3415912000000008
42.007140864713776 2.347401600000001
42.04284983728467 2.3532192000000007
42.078558809855565 2.359044000000001
42.11426778242646 2.3648760000000006
42.149976754997354 2.3707152000000007
42.18568572756825 2.3765616000000005
42.22139470013914 2.3824152000000005
42.25710367271004 2.3882760000000007
42.29281264528093 2.3941440000000007
42.32852161785183 2.400019200000001
42.36423059042272 2.405901600000001
42.399939562993616 2.411791200000001
42.43564853556451 2.417688000000001
42.471357508135405 2.423592000000001
42.5070664807063 2.429503200000001
42.542775453277194 2.435421600000001
42.57848442584809 2.441347200000001
42.61419339841898 2.447280000000001
42.64990237098988 2.453220000000001
42.68561134356077 2.459167200000001
42.72132031613167 2.4651216000000007
42.75702928870256 2.4710832000000007
42.792738261273456 2.477052000000001
42.82844723384435 2.483028000000001
42.864156206415245 2.489011200000001
42.89986517898614 2.495001600000001
42.935574151557034 2.500999200000001
42.97128312412793 2.507004000000001
43.00699209669882 2.5130160000000012
43.04270106926972 2.519035200000001
43.07841004184061 2.5250616000000012
43.11411901441151 2.531095200000001
43.1498279869824 2.537136000000001
43.185536959553296 2.543184000000001
43.22124593212419 2.549239200000001
43.256954904695085 2.555301600000001
43.29266387726598 2.561371200000001
43.328372849836875 2.567448000000001
43.36408182240777 2.573532000000001
43.399790794978664 2.5796232000000012
43.43549976754956 2.585721600000001
43.47120874012045 2.5918272000000013
43.50691771269135 2.5979400000000012
43.54262668526224 2.6040600000000014
43.57833565783314 2.6101872000000013
43.61404463040403 2.6163216000000014
43.649753602974926 2.622463200000001
43.68546257554582 2.6286120000000013
43.721171548116715 2.634768000000001
43.75688052068761 2.640931200000001
43.792589493258504 2.647101600000001
43.8282984658294 2.653279200000001
43.86400743840029 2.659464000000001
43.89971641097119 2.665656000000001
43.93542538354208 2.6718552000000013
43.97113435611298 2.6780616000000013
44.00684332868387 2.6842752000000014
44.042552301254766 2.6904960000000013
44.07826127382566 2.6967240000000015
44.113970246396555 2.7029592000000013
44.14967921896745 2.7092016000000014
44.185388191538344 2.7154512000000013
44.22109716410924 2.7217080000000013
44.25680613668013 2.727972000000001
44.29251510925103 2.734243200000001
44.32822408182192 2.740521600000001
44.36393305439282 2.746807200000001
44.39964202696371 2.753100000000001
44.435350999534606 2.759400000000001
44.4710599721055 2.7657072000000014
44.506768944676395 2.7720216000000013
44.54247791724729 2.7783432000000015
44.578186889818184 2.7846720000000014
44.61389586238908 2.7910080000000015
44.64960483495997 2.7973512000000014
44.68531380753087 2.8037016000000015
44.72102278010176 2.8100592000000013
44.75673175267266 2.8164240000000014
44.79244072524355 2.822796000000001
44.828149697814446 2.8291752000000012
44.86385867038534 2.835561600000001
44.899567642956235 2.841955200000001
44.93527661552713 2.848356000000001
44.970985588098024 2.854764000000001
45.00669456066892 2.8611792000000014
45.04240353323981 2.8676016000000013
45.07811250581071 2.8740312000000015
45.1138214783816 2.8804680000000014
45.1495304509525 2.8869120000000015
45.18523942352339 2.8933632000000014
45.220948396094286 2.8998216000000014
45.25665736866518 2.9062872000000013
45.292366341236075 2.9127600000000013
45.32807531380697 2.919240000000001
45.363784286377864 2.925727200000001
45.39949325894876 2.932221600000001
45.43520223151965 2.938723200000001
45.47091120409055 2.945232000000001
45.50662017666144 2.951748000000001
45.54232914923234 2.9582712000000013
45.57803812180323 2.9648016000000013
45.613747094374126 2.9713392000000014
45.64945606694502 2.9778840000000013
45.685165039515915 2.9844360000000014
45.72087401208681 2.9909952000000013
45.756582984657705 2.9975616000000014
45.7922919572286 3.0041352000000012
45.828000929799494 3.0107160000000013
45.86370990237039 3.017304000000001
45.89941887494128 3.023899200000001
45.93512784751218 3.030501600000001
45.97083682008307 3.037111200000001
46.00654579265397 3.043728000000001
46.04225476522486 3.050352000000001
46.077963737795756 3.0569832000000012
46.11367271036665 3.063621600000001
46.149381682937545 3.0702672000000013
46.18509065550844 3.076920000000001
46.220799628079334 3.0835800000000013
46.25650860065023 3.090247200000001
46.29221757322112 3.0969216000000013
46.32792654579202 3.103603200000001
46.36363551836291 3.110292000000001
46.39934449093381 3.116988000000001
46.4350534635047 3.123691200000001
46.470762436075596 3.130401600000001
46.50647140864649 3.1371192000000008
46.542180381217385 3.143844000000001
46.57788935378828 3.150576000000001
46.613598326359174 3.157315200000001
46.64930729893007 3.164061600000001
46.68501627150096 3.170815200000001
46.72072524407186 3.177576000000001
46.75643421664275 3.184344000000001
46.79214318921365 3.191119200000001
46.82785216178454 3.197901600000001
46.863561134355436 3.204691200000001
46.89927010692633 3.211488000000001
46.934979079497225 3.218292000000001
46.97068805206812 3.225103200000001
47.006397024639014 3.231921600000001
47.04210599720991 3.238747200000001
47.0778149697808 3.2455800000000012
47.1135239423517 3.252420000000001
47.14923291492259 3.2592672000000014
47.18494188749349 3.2661216000000013
47.22065086006438 3.2729832000000014
47.256359832635276 3.2798520000000013
47.29206880520617 3.2867280000000014
47.327777777777065 3.2936112000000013
47.36348675034796 3.3005016000000014
47.399195722918854 3.307399200000001
47.43490469548975 3.3143040000000012
47.47061366806064 3.321216000000001
47.50632264063154 3.328135200000001
47.54203161320243 3.335061600000001
47.57774058577333 3.341995200000001
47.61344955834422 3.348936000000001
47.649158530915116 3.355884000000001
47.68486750348601 3.362839200000001
47.720576476056905 3.369801600000001
47.7562854486278 3.376771200000001
47.791994421198694 3.383748000000001
47.82770339376959 3.390732000000001
47.863412366340484 3.397723200000001
47.89912133891138 3.404721600000001
47.93483031148227 3.411727200000001
47.97053928405317 3.418740000000001
48.00624825662406 3.425760000000001
48.041957229194956 3.432787200000001
48.07766620176585 3.4398216000000006
48.113375174336745 3.4468632000000006
48.14908414690764 3.4539120000000008
48.184793119478535 3.4609680000000007
48.22050209204943 3.468031200000001
48.256211064620324 3.475101600000001
48.29192003719122 3.482179200000001
48.32762900976211 3.489264000000001
48.36333798233301 3.496356000000001
48.3990469549039 3.5034552000000008
48.4347559274748 3.510561600000001
48.47046490004569 3.5176752000000007
48.506173872616586 3.5247960000000007
48.54188284518748 3.5319240000000005
48.577591817758375 3.5390592000000005
48.61330079032927 3.5462016000000007
48.649009762900164 3.5533512000000007
48.68471873547106 3.560508000000001
48.72042770804195 3.567672000000001
48.75613668061285 3.574843200000001
48.79184565318374 3.582021600000001
48.82755462575464 3.589207200000001
48.86326359832553 3.596400000000001
48.898972570896426 3.603600000000001
48.93468154346732 3.610807200000001
48.970390516038215 3.618021600000001
49.00609948860911 3.6252432000000008
49.041808461180004 3.632472000000001
49.0775174337509 3.6397080000000006
49.11322640632179 3.6469512000000006
49.14893537889269 3.654201600000001
49.18464435146358 3.661459200000001
49.22035332403448 3.668724000000001
49.25606229660537 3.675996000000001
49.291771269176266 3.683275200000001
49.32748024174716 3.690561600000001
49.363189214318055 3.697855200000001
49.39889818688895 3.705156000000001
49.434607159459844 3.712464000000001
49.47031613203074 3.719779200000001
49.50602510460163 3.727101600000001
49.54173407717253 3.734431200000001
49.57744304974342 3.741768000000001
49.61315202231432 3.7491120000000007
49.64886099488521 3.7564632000000007
49.684569967456106 3.763821600000001
49.720278940027 3.771187200000001
49.755987912597895 3.778560000000001
49.79169688516879 3.785940000000001
49.827405857739684 3.793327200000001
49.86311483031058 3.800721600000001
49.89882380288147 3.808123200000001
49.93453277545237 3.815532000000001
49.97024174802326 3.822948000000001
50.00595072059416 3.830371200000001
50.04165969316505 3.837801600000001
50.077368665735946 3.845239200000001
50.11307763830684 3.852684000000001
50.148786610877735 3.8601360000000007
50.18449558344863 3.8675952000000007
50.220204556019524 3.875061600000001
50.25591352859042 3.882535200000001
50.291622501161314 3.890016000000001
50.32733147373221 3.897504000000001
50.3630404463031 3.904999200000001
50.398749418874 3.912501600000001
50.43445839144489 3.920011200000001
50.470167364015786 3.927528000000001
50.50587633658668 3.935052000000001
50.541585309157576 3.942583200000001
50.57729428172847 3.950121600000001
50.613003254299365 3.957667200000001
50.64871222687026 3.965220000000001
50.684421199441154 3.9727800000000006
50.72013017201205 3.9803472000000006
50.75583914458294 3.987921600000001
50.79154811715384 3.995503200000001
50.82725708972473 4.0030920000000005
50.86296606229563 4.010688000000001
50.89867503486652 4.018291200000001
50.934384007437416 4.025901600000001
50.97009298000831 4.033519200000001
51.005801952579205 4.041144000000001
51.0415109251501 4.048776000000001
51.077219897720994 4.056415200000001
51.11292887029189 4.0640616000000005
51.14863784286278 4.071715200000001
51.18434681543368 4.079376000000001
51.22005578800457 4.087044000000001
51.25576476057547 4.0947192
51.29147373314636 4.1024016
51.327182705717256 4.1100912
51.36289167828815 4.117788
51.398600650859045 4.125492
51.43430962342994 4.1332032000000005
51.470018596000834 4.1409216
51.50572756857173 4.1486472
51.54143654114262 4.15638
51.57714551371352 4.1641200000000005
51.61285448628441 4.1718672
51.64856345885531 4.1796216
51.6842724314262 4.1873832
51.719981403997096 4.195152
51.75569037656799 4.202928
51.791399349138885 4.2107112
51.82710832170978 4.218501600000001
51.862817294280674 4.226299200000001
51.89852626685157 4.234104
51.93423523942246 4.241916000000001
51.96994421199336 4.249735200000001
52.00565318456425 4.257561600000001
52.04136215713515 4.2653952
52.07707112970604 4.273236000000001
52.112780102276936 4.281084000000001
52.14848907484783 4.288939200000001
52.184198047418725 4.2968016
52.21990701998962 4.3046712000000005
52.255615992560514 4.3125480000000005
52.29132496513141 4.320432
52.3270339377023 4.328323200000001
52.3627429102732 4.336221600000001
52.39845188284409 4.344127200000001
52.43416085541499 4.352040000000001
52.46986982798588 4.359960000000001
52.505578800556776 4.367887200000001
52.54128777312767 4.375821600000001
52.576996745698565 4.383763200000001
52.61270571826946 4.391712000000001
52.648414690840355 4.399668000000001
52.68412366341125 4.407631200000001
52.719832635982144 4.4156016000000005
52.75554160855304 4.423579200000001
52.79125058112393 4.431564000000001
52.82695955369483 4.4395560000000005
52.86266852626572 4.447555200000001
52.898377498836616 4.455561600000001
52.93408647140751 4.463575200000001
52.969795443978406 4.471596000000001
53.0055044165493 4.479624000000001
53.041213389120195 4.487659200000001
53.07692236169109 4.495701600000001
53.112631334261984 4.503751200000001
53.14834030683288 4.511808000000001
53.18404927940377 4.519872000000001
53.21975825197467 4.527943200000001
53.25546722454556 4.536021600000001
53.29117619711646 4.544107200000001
53.32688516968735 4.552200000000001
53.362594142258246 4.560300000000001
53.39830311482914 4.568407200000001
53.434012087400035 4.576521600000001
53.46972105997093 4.584643200000001
53.505430032541824 4.592772000000001
53.54113900511272 4.600908000000001
53.57684797768361 4.6090512000000015
53.61255695025451 4.617201600000001
53.6482659228254 4.625359200000001
53.6839748953963 4.633524000000001
53.71968386796719 4.641696000000001
53.755392840538086 4.649875200000001
53.79110181310898 4.658061600000001
53.826810785679875 4.666255200000001
53.86251975825077 4.674456000000001
53.898228730821664 4.682664000000001
53.93393770339256 4.690879200000001
53.96964667596345 4.699101600000001
54.00535564853435 4.707331200000001
54.04106462110524 4.715568000000001
54.07677359367614 4.7238120000000015
54.11248256624703 4.732063200000002
54.148191538817926 4.7403216000000015
54.18390051138882 4.748587200000001
54.219609483959715 4.756860000000001
54.25531845653061 4.7651400000000015
54.291027429101504 4.773427200000001
54.3267364016724 4.781721600000001
54.36244537424329 4.790023200000001
54.39815434681419 4.798332000000001
54.43386331938508 4.806648000000001
54.46957229195598 4.814971200000001
54.50528126452687 4.8233016000000015
54.540990237097766 4.8316392000000015
54.57669920966866 4.839984000000001
54.612408182239555 4.8483360000000015
54.64811715481045 4.856695200000002
54.683826127381344 4.8650616000000015
54.71953509995224 4.873435200000001
54.75524407252313 4.8818160000000015
54.79095304509403 4.8902040000000015
54.82666201766492 4.898599200000001
54.86237099023582 4.907001600000001
54.89807996280671 4.915411200000001
54.933788935377606 4.923828000000001
54.9694979079485 4.932252000000001
55.005206880519395 4.940683200000001
55.04091585309029 4.949121600000002
55.076624825661185 4.9575672000000015
55.11233379823208 4.966020000000001
55.148042770802974 4.974480000000002
55.18375174337387 4.982947200000002
55.21946071594476 4.991421600000002
55.25516968851566 4.999903200000001
55.29087866108655 5.0083920000000015
55.32658763365745 5.016888000000002
55.36229660622834 5.025391200000001
55.398005578799236 5.033901600000001
55.43371455137013 5.042419200000001
55.469423523941025 5.050944000000001
55.50513249651192 5.059476000000001
55.540841469082814 5.068015200000001
55.57655044165371 5.076561600000002
55.6122594142246 5.0851152000000015
55.6479683867955 5.093676000000001
55.68367735936639 5.1022440000000016
55.71938633193729 5.110819200000002
55.75509530450818 5.1194016000000016
55.790804277079076 5.127991200000001
55.82651324964997 5.1365880000000015
55.862222222220865 5.1451920000000015
55.89793119479176 5.153803200000001
55.933640167362654 5.162421600000001
55.96934913993355 5.171047200000001
56.00505811250444 5.179680000000001
56.04076708507534 5.188320000000001
56.07647605764623 5.196967200000001
56.11218503021713 5.2056216000000015
56.14789400278802 5.2142832000000015
56.183602975358916 5.222952000000001
56.21931194792981 5.2316280000000015
56.255020920500705 5.240311200000002
56.2907298930716 5.2490016000000015
56.326438865642494 5.257699200000001
56.36214783821339 5.266404000000001
56.39785681078428 5.2751160000000015
56.43356578335518 5.283835200000001
56.46927475592607 5.292561600000001
56.50498372849697 5.301295200000001
56.54069270106786 5.310036000000001
56.576401673638756 5.318784000000001
56.61211064620965 5.327539200000001
56.647819618780545 5.336301600000001
56.68352859135144 5.345071200000001
56.719237563922334 5.353848000000001
56.75494653649323 5.362632000000001
56.79065550906412 5.3714232000000015
56.82636448163502 5.380221600000001
56.86207345420591 5.389027200000001
56.89778242677681 5.397840000000001
56.9334913993477 5.406660000000001
56.969200371918596 5.415487200000001
57.00490934448949 5.424321600000001
57.040618317060385 5.433163200000001
57.07632728963128 5.442012000000001
57.112036262202174 5.450868000000001
57.14774523477307 5.459731200000001
57.183454207343964 5.468601600000001
57.21916317991486 5.477479200000001
57.25487215248575 5.486364000000001
57.29058112505665 5.495256000000001
57.32629009762754 5.504155200000001
57.361999070198436 5.513061600000001
57.39770804276933 5.521975200000001
57.433417015340225 5.530896000000001
57.46912598791112 5.539824000000001
57.504834960482015 5.548759200000001
57.54054393305291 5.557701600000001
57.576252905623804 5.566651200000001
57.6119618781947 5.575608000000001
57.64767085076559 5.5845720000000005
57.68337982333649 5.593543200000001
57.71908879590738 5.602521600000001
57.75479776847828 5.611507200000001
57.79050674104917 5.620500000000001
57.826215713620066 5.629500000000001
57.86192468619096 5.638507200000001
57.897633658761855 5.647521600000001
57.93334263133275 5.656543200000001
57.969051603903644 5.665572000000001
58.00476057647454 5.674608000000001
58.04046954904543 5.683651200000001
58.07617852161633 5.6927016
58.11188749418722 5.701759200000001
58.14759646675812 5.710824000000001
58.18330543932901 5.719896
58.219014411899906 5.728975200000001
58.2547233844708 5.738061600000001
58.290432357041695 5.747155200000001
58.32614132961259 5.7562560000000005
58.361850302183484 5.765364000000001
58.39755927475438 5.774479200000001
58.43326824732527 5.783601600000001
58.46897721989617 5.7927312
58.50468619246706 5.801868000000001
58.54039516503796 5.811012000000001
58.57610413760885 5.8201632000000005
58.611813110179746 5.8293216
58.64752208275064 5.8384872
58.683231055321535 5.84766
58.71894002789243 5.85684
58.754649000463324 5.8660272
58.79035797303422 5.875221600000001
58.82606694560511 5.8844232000000005
58.86177591817601 5.893632
58.8974848907469 5.9028480000000005
58.9331938633178 5.912071200000001
58.96890283588869 5.9213016000000005
59.004611808459586 5.9305392
59.04032078103048 5.939784
59.076029753601375 5.949036
59.11173872617227 5.9582952
59.147447698743164 5.9675616
59.18315667131406 5.9768352
59.21886564388495 5.986116
59.25457461645585 5.995404
59.29028358902674 6.0046992
59.32599256159764 6.0140016
59.36170153416853 6.0233112
59.397410506739426 6.032628
59.43311947931032 6.041952
59.468828451881215 6.0512832
59.50453742445211 6.0606216
59.540246397023004 6.0699672
59.5759553695939 6.07932
59.611664342164794 6.08868
59.64737331473569 6.0980472
59.68308228730658 6.1074215999999995
59.71879125987748 6.1168032
59.75450023244837 6.126192
59.790209205019266 6.135587999999999
59.82591817759016 6.1449912
59.861627150161056 6.1544016
59.89733612273195 6.1638192
59.933045095302845 6.1732439999999995
59.96875406787374 6.182676
60.004463040444634 6.1921152
60.04017201301553 6.2015616
60.07588098558642 6.211015199999999
60.11158995815732 6.220476
60.14729893072821 6.229944
60.18300790329911 6.2394191999999995
60.21871687587 6.2489016
60.254425848440896 6.2583912
60.29013482101179 6.267888
60.325843793582685 6.277392
60.36155276615358 6.2869032
60.397261738724474 6.2964216
60.43297071129537 6.3059472
60.46867968386626 6.31548
60.50438865643716 6.32502
60.54009762900805 6.3345672
60.57580660157895 6.3441216
60.61151557414984 6.3536832
60.647224546720736 6.363252
60.68293351929163 6.372828
60.718642491862525 6.3824112
60.75435146443342 6.3920016
60.790060437004314 6.401599200000001
60.82576940957521 6.411204000000001
60.8614783821461 6.420816
60.897187354717 6.430435200000001
60.93289632728789 6.440061600000001
60.96860529985879 6.449695200000001
61.00431427242968 6.459336
61.040023245000576 6.468984000000001
61.07573221757147 6.478639200000001
61.111441190142365 6.488301600000001
61.14715016271326 6.4979712
61.182859135284154 6.5076480000000005
61.21856810785505 6.517332000000001
61.25427708042594 6.5270232
61.28998605299684 6.536721600000001
61.32569502556773 6.546427200000001
61.36140399813863 6.556140000000001
61.39711297070952 6.565860000000001
61.432821943280416 6.575587200000001
61.46853091585131 6.585321600000001
61.504239888422205 6.595063200000001
61.5399488609931 6.604812000000001
61.575657833563994 6.614568000000001
61.61136680613489 6.624331200000001
61.64707577870578 6.634101600000001
61.68278475127668 6.643879200000001
61.71849372384757 6.653664000000001
61.75420269641847 6.663456000000001
61.78991166898936 6.673255200000001
61.825620641560256 6.6830616
61.86132961413115 6.6928752000000005
61.897038586702045 6.702696
61.93274755927294 6.712524
61.968456531843835 6.7223592000000005
62.00416550441473 6.732201600000001
62.039874476985624 6.742051200000001
62.07558344955652 6.751908
62.11129242212741 6.761772000000001
62.14700139469831 6.771643200000001
62.1827103672692 6.7815216000000005
62.218419339840096 6.7914072
62.25412831241099 6.8013
62.289837284981886 6.8112
62.32554625755278 6.8211072
62.361255230123675 6.831021600000001
62.39696420269457 6.840943200000001
62.432673175265464 6.850872000000001
62.46838214783636 6.8608080000000005
62.50409112040725 6.870751200000001
62.53980009297815 6.880701600000001
62.57550906554904 6.890659200000001
62.61121803811994 6.9006240000000005
62.64692701069083 6.910596000000001
62.682635983261726 6.920575200000001
62.71834495583262 6.930561600000001
62.754053928403515 6.9405552
62.78976290097441 6.950556000000001
62.825471873545304 6.960564000000001
62.8611808461162 6.9705792
62.89688981868709 6.980601600000001
62.93259879125799 6.990631200000001
62.96830776382888 7.000668000000001
63.00401673639978 7.010712000000001
63.03972570897067 7.020763200000001
63.075434681541566 7.030821600000001
63.11114365411246 7.040887200000001
63.146852626683355 7.050960000000001
63.18256159925425 7.061040000000001
63.218270571825144 7.071127200000001
63.25397954439604 7.081221600000001
63.28968851696693 7.091323200000001
63.32539748953783 7.101432000000001
63.36110646210872 7.111548000000001
63.39681543467962 7.121671200000001
63.43252440725051 7.131801600000001
63.468233379821406 7.141939200000001
63.5039423523923 7.152084000000001
63.539651324963195 7.162236000000001
63.57536029753409 7.172395200000001
63.611069270104984 7.182561600000001
63.64677824267588 7.192735200000001
63.68248721524677 7.202916000000001
63.71819618781767 7.213104000000001
63.75390516038856 7.223299200000001
63.78961413295946 7.233501600000001
63.82532310553035 7.243711200000001
63.861032078101246 7.253928000000001
63.89674105067214 7.264152000000001
63.932450023243035 7.274383200000001
63.96815899581393 7.284621600000001
64.00386796838482 7.294867200000001
64.03957694095573 7.305120000000001
64.07528591352663 7.315380000000001
64.11099488609753 7.3256472000000015
64.14670385866843 7.335921600000002
64.18241283123933 7.3462032000000015
64.21812180381023 7.356492000000001
64.25383077638114 7.3667880000000014
64.28953974895204 7.3770912000000015
64.32524872152294 7.387401600000001
64.36095769409384 7.397719200000001
64.39666666666474 7.408044000000001
64.43237563923564 7.418376000000001
64.46808461180655 7.428715200000001
64.50379358437745 7.439061600000001
64.53950255694835 7.449415200000002
64.57521152951925 7.4597760000000015
64.61092050209015 7.470144000000001
64.64662947466105 7.480519200000002
64.68233844723196 7.490901600000002
64.71804741980286 7.501291200000002
64.75375639237376 7.511688000000001
64.78946536494466 7.5220920000000016
64.82517433751556 7.532503200000002
64.86088331008646 7.5429216000000014
64.89659228265737 7.553347200000001
64.93230125522827 7.563780000000001
64.96801022779917 7.574220000000001
65.00371920037007 7.584667200000001
65.03942817294097 7.5951216000000015
65.07513714551187 7.605583200000002
65.11084611808278 7.616052000000002
65.14655509065368 7.626528000000001
65.18226406322458 7.637011200000002
65.21797303579548 7.647501600000002
65.25368200836638 7.657999200000002
65.28939098093728 7.668504000000001
65.32509995350819 7.679016000000002
65.36080892607909 7.689535200000002
65.39651789864999 7.7000616000000015
65.43222687122089 7.710595200000001
65.46793584379179 7.721136000000001
65.5036448163627 7.731684000000001
65.5393537889336 7.742239200000001
65.5750627615045 7.7528016000000015
65.6107717340754 7.763371200000002
65.6464807066463 7.773948000000002
65.6821896792172 7.784532000000001
65.7178986517881 7.795123200000002
65.753607624359 7.805721600000002
65.78931659692991 7.816327200000002
65.82502556950081 7.826940000000001
65.86073454207171 7.837560000000002
65.89644351464261 7.848187200000002
65.93215248721351 7.8588216000000015
65.96786145978442 7.869463200000001
66.00357043235532 7.880112000000001
66.03927940492622 7.890768000000001
66.07498837749712 7.901431200000001
66.11069735006802 7.9121016000000015
66.14640632263892 7.922779200000002
66.18211529520983 7.933464000000002
66.21782426778073 7.944156000000001
66.25353324035163 7.954855200000002
66.28924221292253 7.965561600000002
66.32495118549343 7.976275200000002
66.36066015806433 7.986996000000001
66.39636913063524 7.997724000000002
66.43207810320614 8.0084592
66.46778707577704 8.0192016
66.50349604834794 8.029951200000001
66.53920502091884 8.040708
66.57491399348974 8.051472
66.61062296606065 8.062243200000001
66.64633193863155 8.0730216
66.68204091120245 8.0838072
66.71774988377335 8.094600000000002
66.75345885634425 8.105400000000001
66.78916782891515 8.116207200000002
66.82487680148606 8.1270216
66.86058577405696 8.1378432
66.89629474662786 8.148672000000001
66.93200371919876 8.159508
66.96771269176966 8.1703512
67.00342166434056 8.181201600000001
67.03913063691147 8.192059200000001
67.07483960948237 8.202924000000001
67.11054858205327 8.213796000000002
67.14625755462417 8.224675200000002
67.18196652719507 8.235561600000002
67.21767549976597 8.246455200000002
67.25338447233688 8.257356000000001
67.28909344490778 8.268264000000002
67.32480241747868 8.279179200000002
67.36051139004958 8.290101600000002
67.39622036262048 8.301031200000002
67.43192933519138 8.311968000000002
67.46763830776229 8.322912000000002
67.50334728033319 8.333863200000001
67.53905625290409 8.344821600000001
67.57476522547499 8.355787200000002
67.61047419804589 8.366760000000001
67.6461831706168 8.377740000000001
67.6818921431877 8.388727200000002
67.7176011157586 8.399721600000001
67.7533100883295 8.410723200000001
67.7890190609004 8.421732000000002
67.8247280334713 8.432748000000002
67.8604370060422 8.443771200000002
67.8961459786131 8.454801600000001
67.93185495118401 8.465839200000001
67.96756392375491 8.476884000000002
68.00327289632581 8.487936000000001
68.03898186889671 8.498995200000001
68.07469084146761 8.510061600000002
68.11039981403852 8.521135200000002
68.14610878660942 8.532216000000002
68.18181775918032 8.543304000000003
68.21752673175122 8.554399200000002
68.25323570432212 8.565501600000003
68.28894467689302 8.576611200000002
68.32465364946393 8.587728000000002
68.36036262203483 8.598852000000003
68.39607159460573 8.609983200000002
68.43178056717663 8.621121600000002
68.46748953974753 8.632267200000003
68.50319851231843 8.643420000000003
68.53890748488934 8.654580000000003
68.57461645746024 8.665747200000002
68.61032543003114 8.676921600000002
68.64603440260204 8.688103200000002
68.68174337517294 8.699292000000002
68.71745234774384 8.710488000000002
68.75316132031475 8.721691200000002
68.78887029288565 8.732901600000002
68.82457926545655 8.744119200000002
68.86028823802745 8.755344000000003
68.89599721059835 8.766576000000002
68.93170618316925 8.777815200000003
68.96741515574016 8.789061600000002
69.00312412831106 8.800315200000002
69.03883310088196 8.811576000000002
69.07454207345286 8.822844000000002
69.11025104602376 8.834119200000002
69.14596001859466 8.845401600000002
69.18166899116557 8.856691200000002
69.21737796373647 8.867988000000002
69.25308693630737 8.879292000000003
69.28879590887827 8.890603200000003
69.32450488144917 8.901921600000003
69.36021385402007 8.913247200000002
69.39592282659098 8.924580000000002
69.43163179916188 8.935920000000003
69.46734077173278 8.947267200000002
69.50304974430368 8.958621600000003
69.53875871687458 8.969983200000003
69.57446768944548 8.981352000000003
69.61017666201639 8.992728000000003
69.64588563458729 9.004111200000002
69.68159460715819 9.015501600000002
69.71730357972909 9.026899200000003
69.75301255229999 9.038304000000002
69.7887215248709 9.049716000000002
69.8244304974418 9.061135200000002
69.8601394700127 9.072561600000002
69.8958484425836 9.083995200000002
69.9315574151545 9.095436000000003
69.9672663877254 9.106884000000003
70.0029753602963 9.118339200000003
70.0386843328672 9.129801600000002
70.07439330543811 9.141271200000002
70.11010227800901 9.152748000000003
70.14581125057991 9.164232000000002
70.18152022315081 9.175723200000002
70.21722919572171 9.187221600000003
70.25293816829262 9.198727200000002
70.28864714086352 9.210240000000002
70.32435611343442 9.221760000000003
70.36006508600532 9.233287200000003
70.39577405857622 9.244821600000003
70.43148303114712 9.256363200000003
70.46719200371803 9.267912000000003
70.50290097628893 9.279468000000003
70.53860994885983 9.291031200000003
70.57431892143073 9.302601600000003
70.61002789400163 9.314179200000003
70.64573686657253 9.325764000000003
70.68144583914344 9.337356000000003
70.71715481171434 9.348955200000002
70.75286378428524 9.360561600000002
70.78857275685614 9.372175200000003
70.82428172942704 9.383796000000002
70.85999070199794 9.395424000000002
70.89569967456885 9.407059200000003
70.93140864713975 9.418701600000002
70.96711761971065 9.430351200000002
71.00282659228155 9.442008000000003
71.03853556485245 9.453672000000003
71.07424453742335 9.465343200000003
71.10995350999426 9.477021600000002
71.14566248256516 9.488707200000002
71.18137145513606 9.500400000000003
71.21708042770696 9.512100000000002
71.25278940027786 9.523807200000002
71.28849837284876 9.535521600000003
71.32420734541967 9.547243200000002
71.35991631799057 9.558972000000002
71.39562529056147 9.570708000000003
71.43133426313237 9.582451200000003
71.46704323570327 9.594201600000003
71.50275220827417 9.605959200000003
71.53846118084508 9.617724000000003
71.57417015341598 9.629496000000003
71.60987912598688 9.641275200000003
71.64558809855778 9.653061600000003
71.68129707112868 9.664855200000003
71.71700604369958 9.676656000000003
71.75271501627049 9.688464000000003
71.78842398884139 9.700279200000002
71.82413296141229 9.712101600000002
71.85984193398319 9.723931200000003
71.89555090655409 9.735768000000002
71.931259879125 9.747612000000002
71.9669688516959 9.759463200000003
72.0026778242668 9.771321600000002
72.0383867968377 9.783187200000002
72.0740957694086 9.795060000000003
72.1098047419795 9.806940000000003
72.1455137145504 9.818827200000003
72.1812226871213 9.830721600000002
72.21693165969221 9.842623200000002
72.25264063226311 9.854532000000003
72.28834960483401 9.866448000000002
72.32405857740491 9.878371200000002
72.35976754997581 9.890301600000003
72.39547652254672 9.902239200000002
72.43118549511762 9.914184000000002
72.46689446768852 9.926136000000003
72.50260344025942 9.938095200000003
72.53831241283032 9.950061600000003
72.57402138540122 9.962035200000003
72.60973035797213 9.974016000000002
72.64543933054303 9.986004000000003
72.68114830311393 9.997999200000002
72.71685727568483 10.010001600000002
72.75256624825573 10.022011200000003
72.78827522082663 10.034028000000003
72.82398419339754 10.046052000000003
72.85969316596844 10.058083200000002
72.89540213853934 10.070121600000002
72.93111111111024 10.082167200000002
72.96682008368114 10.094220000000002
73.00252905625204 10.106280000000002
73.03823802882295 10.118347200000002
73.07394700139385 10.130421600000002
73.10965597396475 10.142503200000002
73.14536494653565 10.154592000000003
73.18107391910655 10.166688000000002
73.21678289167745 10.178791200000003
73.25249186424836 10.190901600000002
73.28820083681926 10.203019200000002
73.32390980939016 10.215144000000002
73.35961878196106 10.227276000000002
73.39532775453196 10.239415200000002
73.43103672710286 10.251561600000002
73.46674569967377 10.263715200000002
73.50245467224467 10.275876000000002
73.53816364481557 10.288044000000003
73.57387261738647 10.300219200000003
73.60958158995737 10.312401600000003
73.64529056252827 10.324591200000002
73.68099953509918 10.336788000000002
73.71670850767008 10.348992000000003
73.75241748024098 10.361203200000002
73.78812645281188 10.373421600000002
73.82383542538278 10.385647200000003
73.85954439795368 10.397880000000002
73.89525337052459 10.410120000000003
73.93096234309549 10.422367200000002
73.96667131566639 10.434621600000002
74.00238028823729 10.446883200000002
74.03808926080819 10.459152000000001
74.0737982333791 10.471428000000001
74.10950720595 10.483711200000002
74.1452161785209 10.496001600000001
74.1809251510918 10.508299200000002
74.2166341236627 10.520604000000002
74.2523430962336 10.532916000000002
74.2880520688045 10.545235200000002
74.3237610413754 10.557561600000001
74.35947001394631 10.569895200000001
74.39517898651721 10.582236000000002
74.43088795908811 10.594584000000001
74.46659693165901 10.606939200000001
74.50230590422991 10.619301600000002
74.53801487680082 10.631671200000001
74.57372384937172 10.644048000000002
74.60943282194262 10.656432000000002
74.64514179451352 10.668823200000002
74.68085076708442 10.681221600000002
74.71655973965532 10.693627200000002
74.75226871222623 10.706040000000002
74.78797768479713 10.718460000000002
74.82368665736803 10.730887200000002
74.85939562993893 10.743321600000002
74.89510460250983 10.755763200000002
74.93081357508073 10.768212000000002
74.96652254765164 10.780668000000002
75.00223152022254 10.793131200000003
75.03794049279344 10.805601600000003
75.07364946536434 10.818079200000003
75.10935843793524 10.830564000000003
75.14506741050614 10.843056000000002
75.18077638307705 10.855555200000003
75.21648535564795 10.868061600000003
75.25219432821885 10.880575200000003
75.28790330078975 10.893096000000003
75.32361227336065 10.905624000000003
75.35932124593155 10.918159200000003
75.39503021850246 10.930701600000003
75.43073919107336 10.943251200000002
75.46644816364426 10.955808000000003
75.50215713621516 10.968372000000002
75.53786610878606 10.980943200000002
75.57357508135696 10.993521600000003
75.60928405392787 11.006107200000002
75.64499302649877 11.018700000000003
75.68070199906967 11.031300000000003
75.71641097164057 11.043907200000003
75.75211994421147 11.056521600000004
75.78782891678237 11.069143200000003
75.82353788935328 11.081772000000003
75.85924686192418 11.094408000000003
75.89495583449508 11.107051200000003
75.93066480706598 11.119701600000003
75.96637377963688 11.132359200000003
76.00208275220778 11.145024000000003
76.03779172477869 11.157696000000003
76.07350069734959 11.170375200000002
76.10920966992049 11.183061600000002
76.14491864249139 11.195755200000002
76.18062761506229 11.208456000000002
76.2163365876332 11.221164000000002
76.2520455602041 11.233879200000002
76.287754532775 11.246601600000002
76.3234635053459 11.259331200000002
76.3591724779168 11.272068000000003
76.3948814504877 11.284812000000002
76.4305904230586 11.297563200000003
76.4662993956295 11.310321600000002
76.5020083682004 11.323087200000002
76.53771734077131 11.335860000000002
76.57342631334221 11.348640000000001
76.60913528591311 11.361427200000001
76.64484425848401 11.374221600000002
76.68055323105492 11.387023200000002
76.71626220362582 11.399832000000002
76.75197117619672 11.412648000000003
76.78768014876762 11.425471200000002
76.82338912133852 11.438301600000003
76.85909809390942 11.451139200000002
76.89480706648033 11.463984000000002
76.93051603905123 11.476836000000002
76.96622501162213 11.489695200000002
77.00193398419303 11.502561600000002
77.03764295676393 11.515435200000002
77.07335192933483 11.528316000000002
77.10906090190574 11.541204000000002
77.14476987447664 11.554099200000003
77.18047884704754 11.567001600000003
77.21618781961844 11.579911200000003
77.25189679218934 11.592828000000003
77.28760576476024 11.605752000000003
77.32331473733115 11.618683200000003
77.35902370990205 11.631621600000003
77.39473268247295 11.644567200000003
77.43044165504385 11.657520000000003
77.46615062761475 11.670480000000003
77.50185960018565 11.683447200000003
77.53756857275656 11.696421600000003
77.57327754532746 11.709403200000002
77.60898651789836 11.722392000000003
77.64469549046926 11.735388000000002
77.68040446304016 11.748391200000002
77.71611343561106 11.761401600000003
77.75182240818197 11.774419200000002
77.78753138075287 11.787444000000002
77.82324035332377 11.800476000000003
77.85894932589467 11.813515200000003
77.89465829846557 11.826561600000003
77.93036727103647 11.839615200000003
77.96607624360738 11.852676000000002
78.00178521617828 11.865744000000003
78.03749418874918 11.878819200000002
78.07320316132008 11.891901600000002
78.10891213389098 11.904991200000003
78.14462110646188 11.918088000000003
78.18033007903279 11.931192000000003
78.21603905160369 11.944303200000004
78.25174802417459 11.957421600000004
78.28745699674549 11.970547200000004
78.32316596931639 11.983680000000003
78.3588749418873 11.996820000000003
78.3945839144582 12.009967200000004
78.4302928870291 12.023121600000003
78.4660018596 12.036283200000003
78.5017108321709 12.049452000000004
78.5374198047418 12.062628000000004
78.5731287773127 12.075811200000004
78.6088377498836 12.089001600000003
78.6445467224545 12.102199200000003
78.68025569502541 12.115404000000003
78.71596466759631 12.128616000000003
78.75167364016721 12.141835200000003
78.78738261273811 12.155061600000003
78.82309158530902 12.168295200000003
78.85880055787992 12.181536000000003
78.89450953045082 12.194784000000004
78.93021850302172 12.208039200000004
78.96592747559262 12.221301600000004
79.00163644816352 12.234571200000003
79.03734542073443 12.247848000000003
79.07305439330533 12.261132000000003
79.10876336587623 12.274423200000003
79.14447233844713 12.287721600000003
79.18018131101803 12.301027200000004
79.21589028358893 12.314340000000003
79.25159925615984 12.327660000000003
79.28730822873074 12.340987200000004
79.32301720130164 12.354321600000004
79.35872617387254 12.367663200000004
79.39443514644344 12.381012000000004
79.43014411901434 12.394368000000004
79.46585309158525 12.407731200000004
79.50156206415615 12.421101600000004
79.53727103672705 12.434479200000004
79.57298000929795 12.447864000000004
79.60868898186885 12.461256000000004
79.64439795443975 12.474655200000004
79.68010692701066 12.488061600000004
79.71581589958156 12.501475200000003
79.75152487215246 12.514896000000004
79.78723384472336 12.528324000000003
79.82294281729426 12.541759200000003
79.85865178986516 12.555201600000004
79.89436076243607 12.568651200000003
79.93006973500697 12.582108000000003
79.96577870757787 12.595572000000004
80.00148768014877 12.609043200000004
80.03719665271967 12.622521600000004
80.07290562529057 12.636007200000003
80.10861459786148 12.649500000000003
80.14432357043238 12.663000000000004
80.18003254300328 12.676507200000003
80.21574151557418 12.690021600000003
80.25145048814508 12.703543200000004
80.28715946071598 12.717072000000003
80.32286843328689 12.730608000000004
80.35857740585779 12.744151200000005
80.39428637842869 12.757701600000004
80.42999535099959 12.771259200000005
80.46570432357049 12.784824000000004
80.5014132961414 12.798396000000004
80.5371222687123 12.811975200000004
80.5728312412832 12.825561600000004
80.6085402138541 12.839155200000004
80.644249186425 12.852756000000005
80.6799581589959 12.866364000000004
80.7156671315668 12.879979200000005
80.7513761041377 12.893601600000004
80.7870850767086 12.907231200000004
80.82279404927951 12.920868000000004
80.85850302185041 12.934512000000003
80.89421199442131 12.948163200000003
80.92992096699221 12.961821600000004
80.96562993956312 12.975487200000003
81.00133891213402 12.989160000000004
81.03704788470492 13.002840000000004
81.07275685727582 13.016527200000004
81.10846582984672 13.030221600000004
81.14417480241762 13.043923200000004
81.17988377498853 13.057632000000003
81.21559274755943 13.071348000000004
81.25130172013033 13.085071200000003
81.28701069270123 13.098801600000003
81.32271966527213 13.112539200000004
81.35842863784303 13.126284000000004
81.39413761041394 13.140036000000004
81.42984658298484 13.153795200000005
81.46555555555574 13.167561600000004
81.50126452812664 13.181335200000005
81.53697350069754 13.195116000000004
81.57268247326844 13.208904000000004
81.60839144583935 13.222699200000005
81.64410041841025 13.236501600000004
81.67980939098115 13.250311200000004
81.71551836355205 13.264128000000005
81.75122733612295 13.277952000000004
81.78693630869385 13.291783200000005
81.82264528126476 13.305621600000004
81.85835425383566 13.319467200000004
81.89406322640656 13.333320000000004
81.92977219897746 13.347180000000003
81.96548117154836 13.361047200000003
82.00119014411926 13.374921600000004
82.03689911669017 13.388803200000003
82.07260808926107 13.402692000000004
82.10831706183197 13.416588000000004
82.14402603440287 13.430491200000004
82.17973500697377 13.444401600000004
82.21544397954467 13.458319200000004
82.25115295211558 13.472244000000003
82.28686192468648 13.486176000000004
82.32257089725738 13.500115200000003
82.35827986982828 13.514061600000003
82.39398884239918 13.528015200000004
82.42969781497008 13.541976000000004
82.46540678754099 13.555944000000004
82.50111576011189 13.569919200000005
82.53682473268279 13.583901600000004
82.57253370525369 13.597891200000005
82.60824267782459 13.611888000000004
82.6439516503955 13.625892000000004
82.6796606229664 13.639903200000004
82.7153695955373 13.653921600000004
82.7510785681082 13.667947200000004
82.7867875406791 13.681980000000005
82.82249651325 13.696020000000004
82.8582054858209 13.710067200000005
82.8939144583918 13.724121600000004
82.9296234309627 13.738183200000003
82.96533240353361 13.752252000000004
83.00104137610451 13.766328000000003
83.03675034867541 13.780411200000003
83.07245932124631 13.794501600000004
83.10816829381722 13.808599200000003
83.14387726638812 13.822704000000003
83.17958623895902 13.836816000000004
83.21529521152992 13.850935200000004
83.25100418410082 13.865061600000004
83.28671315667172 13.879195200000003
83.32242212924263 13.893336000000003
83.35813110181353 13.907484000000004
83.39384007438443 13.921639200000003
83.42954904695533 13.935801600000003
83.46525801952623 13.949971200000004
83.50096699209713 13.964148000000003
83.53667596466804 13.978332000000004
83.57238493723894 13.992523200000004
83.60809390980984 14.006721600000004
83.64380288238074 14.020927200000004
83.67951185495164 14.035140000000004
83.71522082752254 14.049360000000004
83.75092980009345 14.063587200000004
83.78663877266435 14.077821600000004
83.82234774523525 14.092063200000004
83.85805671780615 14.106312000000004
83.89376569037705 14.120568000000004
83.92947466294795 14.134831200000004
83.96518363551885 14.149101600000003
84.00089260808976 14.163379200000003
84.03660158066066 14.177664000000004
84.07231055323156 14.191956000000003
84.10801952580246 14.206255200000003
84.14372849837336 14.220561600000003
84.17943747094426 14.234875200000003
84.21514644351517 14.249196000000003
84.25085541608607 14.263524000000004
84.28656438865697 14.277859200000004
84.32227336122787 14.292201600000004
84.35798233379877 14.306551200000003
84.39369130636967 14.320908000000003
84.42940027894058 14.335272000000003
84.46510925151148 14.349643200000003
84.50081822408238 14.364021600000003
84.53652719665328 14.378407200000003
84.57223616922418 14.392800000000003
84.60794514179508 14.407200000000003
84.64365411436599 14.421607200000004
84.67936308693689 14.436021600000004
84.71507205950779 14.450443200000004
84.75078103207869 14.464872000000003
84.7864900046496 14.479308000000003
84.8221989772205 14.493751200000004
84.8579079497914 14.508201600000003
84.8936169223623 14.522659200000003
84.9293258949332 14.537124000000004
84.9650348675041 14.551596000000004
85.000743840075 14.566075200000004
85.0364528126459 14.580561600000003
85.0721617852168 14.595055200000003
85.10787075778771 14.609556000000003
85.14357973035861 14.624064000000002
85.17928870292951 14.638579200000002
85.21499767550041 14.653101600000003
85.25070664807131 14.667631200000002
85.28641562064222 14.682168000000003
85.32212459321312 14.696712000000003
85.35783356578402 14.711263200000003
85.39354253835492 14.725821600000003
85.42925151092582 14.740387200000002
85.46496048349672 14.754960000000002
85.50066945606763 14.769540000000003
85.53637842863853 14.784127200000002
85.57208740120943 14.798721600000002
85.60779637378033 14.813323200000003
85.64350534635123 14.827932000000002
85.67921431892213 14.842548000000003
85.71492329149304 14.857171200000003
85.75063226406394 14.871801600000003
85.78634123663484 14.886439200000003
85.82205020920574 14.901084000000003
85.85775918177664 14.915736000000003
85.89346815434754 14.930395200000003
85.92917712691845 14.945061600000002
85.96488609948935 14.959735200000003
86.00059507206025 14.974416000000003
86.03630404463115 14.989104000000003
86.07201301720205 15.003799200000003
86.10772198977295 15.018501600000004
86.14343096234386 15.033211200000004
86.17913993491476 15.047928000000004
86.21484890748566 15.062652000000003
86.25055788005656 15.077383200000003
86.28626685262746 15.092121600000004
86.32197582519836 15.106867200000003
86.35768479776927 15.121620000000004
86.39339377034017 15.136380000000004
86.42910274291107 15.151147200000004
86.46481171548197 15.165921600000004
86.50052068805287 15.180703200000004
86.53622966062377 15.195492000000003
86.57193863319468 15.210288000000004
86.60764760576558 15.225091200000003
86.64335657833648 15.239901600000003
86.67906555090738 15.254719200000004
86.71477452347828 15.269544000000003
86.75048349604918 15.284376000000004
86.78619246862009 15.299215200000004
86.82190144119099 15.314061600000004
86.85761041376189 15.328915200000004
86.89331938633279 15.343776000000004
86.9290283589037 15.358644000000004
86.9647373314746 15.373519200000004
87.0004463040455 15.388401600000003
87.0361552766164 15.403291200000004
87.0718642491873 15.418188000000004
87.1075732217582 15.433092000000004
87.1432821943291 15.448003200000004
87.1789911669 15.462921600000005
87.2147001394709 15.477847200000005
87.25040911204181 15.492780000000005
87.28611808461271 15.507720000000004
87.32182705718361 15.522667200000004
87.35753602975451 15.537621600000005
87.39324500232541 15.552583200000004
87.42895397489632 15.567552000000004
87.46466294746722 15.582528000000005
87.50037192003812 15.597511200000005
87.53608089260902 15.612501600000005
87.57178986517992 15.627499200000004
87.60749883775082 15.642504000000004
87.64320781032173 15.657516000000005
87.67891678289263 15.672535200000004
87.71462575546353 15.687561600000004
87.75033472803443 15.702595200000005
87.78604370060533 15.717636000000004
87.82175267317623 15.732684000000004
87.85746164574714 15.747739200000005
87.89317061831804 15.762801600000005
87.92887959088894 15.777871200000005
87.96458856345984 15.792948000000004
88.00029753603074 15.808032000000004
88.03600650860164 15.823123200000005
88.07171548117255 15.838221600000004
88.10742445374345 15.853327200000004
88.14313342631435 15.868440000000005
88.17884239888525 15.883560000000005
88.21455137145615 15.898687200000005
88.25026034402705 15.913821600000006
88.28596931659796 15.928963200000005
88.32167828916886 15.944112000000006
88.35738726173976 15.959268000000005
88.39309623431066 15.974431200000005
88.42880520688156 15.989601600000006
88.46451417945246 16.004779200000005
88.50022315202337 16.019964000000005
88.53593212459427 16.035156000000004
88.57164109716517 16.050355200000006
88.60735006973607 16.065561600000006
88.64305904230697 16.080775200000005
88.67876801487787 16.095996000000007
88.71447698744878 16.111224000000007
88.75018596001968 16.126459200000006
88.78589493259058 16.141701600000005
88.82160390516148 16.156951200000005
88.85731287773238 16.172208000000005
88.89302185030328 16.187472000000003
88.92873082287419 16.202743200000004
88.96443979544509 16.218021600000004
89.00014876801599 16.233307200000002
89.03585774058689 16.248600000000003
89.0715667131578 16.263900000000003
89.1072756857287 16.279207200000002
89.1429846582996 16.294521600000003
89.1786936308705 16.309843200000003
89.2144026034414 16.325172000000002
89.2501115760123 16.340508000000003
89.2858205485832 16.355851200000004
89.3215295211541 16.371201600000003
89.357238493725 16.386559200000004
89.39294746629591 16.401924000000005
89.42865643886681 16.417296000000004
89.46436541143771 16.432675200000006
89.50007438400861 16.448061600000006
89.53578335657951 16.463455200000006
89.57149232915042 16.478856000000004
89.60720130172132 16.494264000000005
89.64291027429222 16.509679200000004
89.67861924686312 16.525101600000003
89.71432821943402 16.540531200000004
89.75003719200492 16.555968000000004
89.78574616457583 16.571412000000002
89.82145513714673 16.586863200000003
89.85716410971763 16.602321600000003
89.89287308228853 16.617787200000002
89.92858205485943 16.633260000000003
89.96429102743033 16.648740000000004
90.00000000000124 16.664227200000003
