# VMD Timeline data file
# CREATOR= leyao
# MOL_NAME= step5_input.psf
# DATA_TITLE= inter-sel. contacts
# FILE_VERSION= 1.4
# NUM_FRAMES= 191 
# NUM_ITEMS= 15
# FREE_SELECTION= 1
#
freeSelLabel ILE 66==resname UNK
freeSelString (same residue as index 976) or (resname UNK)
0 2
1 4
2 3
3 2
4 4
5 1
6 0
7 1
8 11
9 7
10 7
11 6
12 11
13 11
14 8
15 6
16 3
17 6
18 2
19 9
20 1
21 3
22 2
23 3
24 0
25 0
26 0
27 1
28 7
29 1
30 4
31 3
32 1
33 1
34 4
35 6
36 3
37 4
38 1
39 2
40 1
41 4
42 3
43 1
44 0
45 3
46 0
47 0
48 0
49 0
50 0
51 0
52 0
53 0
54 0
55 1
56 0
57 1
58 0
59 1
60 1
61 3
62 4
63 4
64 1
65 1
66 1
67 0
68 0
69 1
70 7
71 1
72 1
73 0
74 0
75 0
76 3
77 1
78 0
79 2
80 2
81 0
82 0
83 5
84 5
85 7
86 0
87 0
88 0
89 1
90 3
91 3
92 0
93 2
94 5
95 4
96 5
97 0
98 0
99 0
100 4
101 1
102 1
103 1
104 1
105 0
106 0
107 1
108 3
109 3
110 1
111 4
112 1
113 2
114 1
115 2
116 1
117 4
118 2
119 8
120 3
121 2
122 5
123 2
124 10
125 7
126 8
127 6
128 3
129 10
130 6
131 10
132 12
133 5
134 8
135 8
136 9
137 6
138 10
139 8
140 5
141 4
142 14
143 12
144 8
145 18
146 25
147 19
148 19
149 17
150 23
151 15
152 14
153 12
154 17
155 7
156 18
157 5
158 7
159 3
160 1
161 0
162 1
163 1
164 0
165 0
166 0
167 0
168 0
169 0
170 0
171 0
172 0
173 0
174 0
175 0
176 0
177 0
178 0
179 0
180 0
181 0
182 0
183 0
184 0
185 0
186 0
187 0
188 0
189 0
190 0
freeSelLabel VAL 84==resname UNK
freeSelString (same residue as index 1220) or (resname UNK)
0 26
1 16
2 20
3 18
4 20
5 21
6 22
7 14
8 28
9 19
10 17
11 25
12 13
13 17
14 17
15 27
16 22
17 16
18 18
19 24
20 30
21 23
22 21
23 24
24 29
25 17
26 22
27 25
28 15
29 28
30 19
31 20
32 19
33 31
34 29
35 23
36 26
37 14
38 21
39 21
40 21
41 21
42 12
43 22
44 24
45 19
46 10
47 18
48 14
49 24
50 18
51 18
52 15
53 8
54 9
55 19
56 16
57 13
58 12
59 17
60 15
61 15
62 14
63 13
64 22
65 17
66 21
67 22
68 22
69 11
70 14
71 17
72 18
73 22
74 17
75 12
76 13
77 26
78 24
79 17
80 21
81 22
82 18
83 28
84 24
85 24
86 24
87 7
88 10
89 15
90 16
91 7
92 25
93 10
94 13
95 22
96 12
97 10
98 5
99 11
100 17
101 9
102 9
103 15
104 14
105 8
106 15
107 13
108 16
109 16
110 9
111 13
112 19
113 9
114 10
115 15
116 10
117 15
118 23
119 34
120 21
121 19
122 10
123 13
124 25
125 13
126 22
127 12
128 23
129 23
130 22
131 21
132 30
133 22
134 17
135 14
136 17
137 17
138 9
139 16
140 12
141 17
142 19
143 23
144 19
145 23
146 6
147 6
148 7
149 4
150 4
151 6
152 8
153 3
154 2
155 0
156 0
157 0
158 0
159 0
160 0
161 0
162 0
163 0
164 0
165 0
166 0
167 0
168 0
169 0
170 0
171 0
172 0
173 0
174 0
175 0
176 0
177 0
178 0
179 0
180 0
181 0
182 0
183 0
184 0
185 0
186 0
187 0
188 0
189 0
190 0
freeSelLabel THR 88==resname UNK
freeSelString (same residue as index 1290) or (resname UNK)
0 40
1 18
2 34
3 30
4 41
5 36
6 31
7 25
8 21
9 25
10 19
11 22
12 19
13 13
14 36
15 32
16 25
17 37
18 48
19 30
20 40
21 37
22 30
23 32
24 30
25 19
26 29
27 35
28 27
29 30
30 19
31 34
32 22
33 28
34 34
35 27
36 38
37 22
38 27
39 24
40 36
41 19
42 29
43 28
44 37
45 27
46 22
47 16
48 22
49 26
50 36
51 26
52 29
53 23
54 29
55 24
56 21
57 24
58 19
59 34
60 25
61 14
62 20
63 22
64 22
65 22
66 24
67 35
68 28
69 29
70 26
71 31
72 21
73 32
74 23
75 25
76 32
77 31
78 32
79 21
80 32
81 25
82 29
83 27
84 23
85 16
86 38
87 32
88 18
89 35
90 28
91 23
92 28
93 16
94 6
95 22
96 29
97 18
98 21
99 24
100 9
101 13
102 26
103 17
104 17
105 25
106 19
107 18
108 30
109 21
110 22
111 22
112 12
113 26
114 20
115 15
116 22
117 20
118 5
119 12
120 7
121 18
122 30
123 25
124 22
125 12
126 17
127 11
128 18
129 13
130 12
131 8
132 17
133 14
134 22
135 18
136 9
137 12
138 18
139 16
140 10
141 15
142 5
143 1
144 2
145 3
146 0
147 1
148 0
149 0
150 0
151 1
152 0
153 0
154 0
155 0
156 0
157 0
158 0
159 0
160 0
161 0
162 0
163 0
164 0
165 0
166 0
167 0
168 0
169 0
170 0
171 0
172 0
173 0
174 0
175 0
176 0
177 0
178 0
179 0
180 0
181 0
182 0
183 0
184 0
185 0
186 0
187 0
188 0
189 0
190 0
freeSelLabel GLN 89==resname UNK
freeSelString (same residue as index 1304) or (resname UNK)
0 5
1 2
2 6
3 9
4 22
5 6
6 9
7 22
8 1
9 6
10 1
11 3
12 0
13 0
14 8
15 1
16 7
17 16
18 10
19 6
20 8
21 2
22 11
23 1
24 3
25 3
26 7
27 9
28 2
29 5
30 5
31 1
32 3
33 5
34 5
35 1
36 5
37 3
38 5
39 2
40 2
41 2
42 1
43 12
44 5
45 5
46 16
47 2
48 5
49 4
50 7
51 4
52 9
53 8
54 5
55 8
56 9
57 13
58 3
59 21
60 20
61 0
62 1
63 7
64 6
65 3
66 3
67 6
68 4
69 1
70 6
71 9
72 10
73 5
74 9
75 2
76 12
77 9
78 2
79 6
80 3
81 6
82 2
83 3
84 3
85 2
86 6
87 1
88 7
89 12
90 4
91 1
92 3
93 2
94 0
95 2
96 3
97 2
98 1
99 1
100 1
101 0
102 4
103 1
104 0
105 3
106 1
107 1
108 2
109 2
110 0
111 0
112 0
113 2
114 1
115 0
116 1
117 3
118 0
119 0
120 1
121 0
122 0
123 1
124 2
125 0
126 1
127 0
128 1
129 1
130 0
131 0
132 0
133 1
134 1
135 0
136 0
137 1
138 1
139 0
140 0
141 0
142 0
143 0
144 0
145 0
146 0
147 0
148 0
149 0
150 0
151 0
152 0
153 0
154 0
155 0
156 0
157 0
158 0
159 0
160 0
161 0
162 0
163 0
164 0
165 0
166 0
167 0
168 0
169 0
170 0
171 0
172 0
173 0
174 0
175 0
176 0
177 0
178 0
179 0
180 0
181 0
182 0
183 0
184 0
185 0
186 0
187 0
188 0
189 0
190 0
freeSelLabel ILE 92==resname UNK
freeSelString (same residue as index 1343) or (resname UNK)
0 6
1 3
2 2
3 5
4 5
5 0
6 6
7 0
8 0
9 3
10 2
11 4
12 0
13 0
14 1
15 3
16 6
17 6
18 3
19 0
20 1
21 1
22 4
23 2
24 1
25 1
26 6
27 3
28 1
29 4
30 1
31 0
32 1
33 3
34 2
35 0
36 0
37 11
38 3
39 4
40 3
41 1
42 2
43 3
44 4
45 4
46 3
47 0
48 0
49 1
50 4
51 3
52 4
53 1
54 2
55 7
56 1
57 8
58 5
59 3
60 11
61 7
62 5
63 1
64 2
65 1
66 3
67 5
68 5
69 5
70 0
71 3
72 0
73 11
74 5
75 1
76 3
77 3
78 5
79 3
80 2
81 4
82 5
83 4
84 4
85 0
86 5
87 2
88 1
89 7
90 10
91 0
92 0
93 0
94 0
95 1
96 1
97 0
98 0
99 0
100 0
101 0
102 0
103 0
104 0
105 2
106 0
107 0
108 0
109 0
110 1
111 0
112 0
113 0
114 0
115 0
116 0
117 0
118 0
119 0
120 0
121 1
122 0
123 0
124 0
125 0
126 0
127 1
128 3
129 0
130 0
131 0
132 0
133 0
134 0
135 0
136 0
137 0
138 0
139 0
140 0
141 0
142 0
143 0
144 0
145 0
146 0
147 0
148 0
149 0
150 0
151 0
152 0
153 0
154 0
155 0
156 0
157 0
158 0
159 0
160 0
161 0
162 0
163 0
164 0
165 0
166 0
167 0
168 0
169 0
170 0
171 0
172 0
173 0
174 0
175 0
176 0
177 0
178 0
179 0
180 0
181 0
182 0
183 0
184 0
185 0
186 0
187 0
188 0
189 0
190 0
freeSelLabel PHE 168==resname UNK
freeSelString (same residue as index 2506) or (resname UNK)
0 71
1 24
2 59
3 75
4 59
5 29
6 18
7 39
8 63
9 55
10 35
11 57
12 62
13 32
14 35
15 39
16 36
17 47
18 49
19 60
20 56
21 27
22 52
23 62
24 13
25 33
26 35
27 29
28 58
29 56
30 27
31 33
32 44
33 36
34 59
35 36
36 38
37 40
38 47
39 53
40 52
41 34
42 41
43 55
44 42
45 51
46 38
47 59
48 53
49 48
50 44
51 48
52 45
53 50
54 42
55 48
56 38
57 42
58 40
59 35
60 39
61 60
62 45
63 48
64 54
65 63
66 45
67 36
68 42
69 41
70 62
71 37
72 60
73 59
74 47
75 50
76 71
77 75
78 64
79 54
80 57
81 65
82 35
83 47
84 61
85 53
86 46
87 41
88 47
89 26
90 38
91 45
92 45
93 16
94 46
95 64
96 58
97 47
98 37
99 55
100 51
101 57
102 71
103 60
104 44
105 34
106 40
107 32
108 33
109 55
110 22
111 29
112 4
113 25
114 31
115 54
116 63
117 48
118 53
119 46
120 43
121 37
122 67
123 69
124 35
125 51
126 49
127 73
128 29
129 45
130 72
131 52
132 48
133 52
134 36
135 27
136 45
137 58
138 56
139 43
140 45
141 64
142 47
143 66
144 53
145 45
146 45
147 38
148 56
149 63
150 41
151 27
152 56
153 40
154 50
155 48
156 45
157 46
158 36
159 40
160 37
161 13
162 26
163 10
164 7
165 7
166 1
167 0
168 0
169 0
170 0
171 0
172 0
173 0
174 0
175 0
176 0
177 0
178 0
179 0
180 0
181 0
182 0
183 0
184 0
185 0
186 0
187 0
188 0
189 0
190 0
freeSelLabel GLU 169==resname UNK
freeSelString (same residue as index 2526) or (resname UNK)
0 14
1 20
2 23
3 13
4 20
5 17
6 7
7 12
8 8
9 20
10 22
11 17
12 22
13 19
14 24
15 22
16 20
17 19
18 21
19 20
20 20
21 18
22 20
23 20
24 15
25 23
26 19
27 17
28 18
29 18
30 24
31 19
32 23
33 16
34 23
35 22
36 21
37 18
38 20
39 18
40 17
41 20
42 24
43 23
44 22
45 12
46 18
47 18
48 16
49 12
50 18
51 17
52 20
53 19
54 20
55 22
56 14
57 16
58 21
59 17
60 17
61 21
62 22
63 17
64 22
65 26
66 21
67 21
68 22
69 17
70 21
71 20
72 22
73 20
74 16
75 23
76 22
77 26
78 22
79 20
80 25
81 23
82 17
83 22
84 20
85 20
86 24
87 23
88 18
89 21
90 23
91 24
92 17
93 15
94 24
95 22
96 19
97 24
98 20
99 23
100 19
101 19
102 25
103 19
104 20
105 24
106 23
107 29
108 21
109 24
110 28
111 27
112 29
113 31
114 26
115 30
116 22
117 26
118 30
119 18
120 28
121 18
122 32
123 22
124 18
125 21
126 15
127 17
128 17
129 22
130 19
131 16
132 14
133 8
134 9
135 17
136 20
137 19
138 15
139 16
140 17
141 17
142 15
143 20
144 20
145 21
146 21
147 20
148 32
149 27
150 26
151 17
152 22
153 18
154 28
155 15
156 9
157 21
158 29
159 22
160 30
161 17
162 22
163 11
164 6
165 9
166 10
167 0
168 0
169 0
170 0
171 0
172 0
173 0
174 0
175 0
176 0
177 0
178 0
179 0
180 0
181 0
182 0
183 0
184 0
185 0
186 0
187 0
188 0
189 0
190 0
freeSelLabel MET 177==resname UNK
freeSelString (same residue as index 2651) or (resname UNK)
0 7
1 12
2 9
3 13
4 7
5 14
6 13
7 16
8 13
9 13
10 10
11 9
12 6
13 4
14 6
15 3
16 12
17 11
18 12
19 3
20 11
21 3
22 7
23 7
24 3
25 11
26 8
27 6
28 14
29 6
30 11
31 13
32 13
33 15
34 14
35 15
36 12
37 13
38 10
39 9
40 9
41 18
42 13
43 16
44 10
45 12
46 14
47 14
48 12
49 14
50 15
51 11
52 16
53 14
54 17
55 10
56 10
57 16
58 14
59 17
60 14
61 13
62 11
63 14
64 15
65 12
66 9
67 10
68 10
69 12
70 13
71 8
72 14
73 16
74 9
75 15
76 12
77 14
78 13
79 11
80 13
81 17
82 10
83 13
84 10
85 12
86 15
87 13
88 7
89 18
90 17
91 5
92 12
93 8
94 12
95 14
96 14
97 13
98 13
99 16
100 20
101 14
102 10
103 12
104 10
105 11
106 11
107 10
108 16
109 10
110 7
111 14
112 10
113 9
114 11
115 11
116 15
117 12
118 15
119 15
120 15
121 14
122 13
123 8
124 16
125 13
126 15
127 11
128 21
129 11
130 9
131 15
132 2
133 15
134 10
135 21
136 7
137 11
138 10
139 10
140 11
141 13
142 11
143 18
144 9
145 7
146 7
147 1
148 12
149 5
150 15
151 3
152 19
153 2
154 4
155 9
156 9
157 16
158 16
159 9
160 4
161 0
162 0
163 0
164 0
165 0
166 0
167 0
168 0
169 0
170 0
171 0
172 0
173 0
174 0
175 0
176 0
177 0
178 0
179 0
180 0
181 0
182 0
183 0
184 0
185 0
186 0
187 0
188 0
189 0
190 0
freeSelLabel ASN 181==resname UNK
freeSelString (same residue as index 2725) or (resname UNK)
0 2
1 19
2 15
3 10
4 4
5 11
6 7
7 3
8 4
9 4
10 5
11 5
12 4
13 3
14 7
15 2
16 11
17 12
18 18
19 10
20 9
21 10
22 11
23 7
24 16
25 8
26 7
27 5
28 10
29 7
30 9
31 12
32 8
33 11
34 19
35 7
36 10
37 14
38 9
39 5
40 10
41 13
42 6
43 14
44 12
45 9
46 13
47 13
48 6
49 14
50 14
51 9
52 16
53 12
54 10
55 18
56 16
57 12
58 9
59 16
60 17
61 8
62 7
63 13
64 16
65 10
66 7
67 11
68 8
69 12
70 12
71 10
72 18
73 9
74 7
75 13
76 10
77 15
78 13
79 10
80 12
81 13
82 7
83 12
84 5
85 8
86 16
87 12
88 9
89 11
90 13
91 5
92 12
93 4
94 15
95 8
96 12
97 13
98 13
99 12
100 10
101 6
102 16
103 7
104 6
105 12
106 11
107 6
108 11
109 15
110 2
111 10
112 10
113 7
114 4
115 4
116 9
117 12
118 7
119 9
120 11
121 12
122 3
123 5
124 11
125 4
126 6
127 8
128 13
129 9
130 5
131 6
132 1
133 11
134 6
135 8
136 4
137 12
138 5
139 1
140 4
141 6
142 6
143 5
144 1
145 0
146 0
147 0
148 0
149 0
150 0
151 0
152 0
153 0
154 0
155 0
156 0
157 0
158 0
159 0
160 0
161 0
162 0
163 0
164 0
165 0
166 0
167 0
168 0
169 0
170 0
171 0
172 0
173 0
174 0
175 0
176 0
177 0
178 0
179 0
180 0
181 0
182 0
183 0
184 0
185 0
186 0
187 0
188 0
189 0
190 0
freeSelLabel TRP 246==resname UNK
freeSelString (same residue as index 3786) or (resname UNK)
0 24
1 26
2 24
3 27
4 34
5 25
6 32
7 36
8 19
9 39
10 30
11 38
12 24
13 25
14 22
15 35
16 40
17 38
18 36
19 19
20 31
21 23
22 24
23 27
24 40
25 21
26 31
27 37
28 28
29 37
30 21
31 27
32 35
33 31
34 29
35 27
36 27
37 43
38 29
39 35
40 37
41 29
42 26
43 30
44 22
45 32
46 31
47 33
48 17
49 27
50 40
51 30
52 29
53 20
54 29
55 24
56 35
57 31
58 29
59 38
60 36
61 33
62 37
63 29
64 34
65 37
66 32
67 43
68 31
69 24
70 33
71 26
72 36
73 22
74 37
75 41
76 25
77 36
78 32
79 39
80 26
81 35
82 32
83 36
84 34
85 26
86 39
87 31
88 28
89 28
90 33
91 31
92 42
93 26
94 18
95 28
96 34
97 30
98 35
99 28
100 9
101 20
102 31
103 19
104 27
105 33
106 30
107 20
108 27
109 13
110 28
111 24
112 26
113 32
114 21
115 31
116 30
117 30
118 4
119 14
120 27
121 32
122 20
123 31
124 29
125 21
126 25
127 17
128 25
129 28
130 14
131 21
132 12
133 12
134 27
135 26
136 16
137 22
138 26
139 20
140 19
141 17
142 14
143 14
144 7
145 1
146 10
147 12
148 5
149 7
150 6
151 11
152 6
153 7
154 1
155 1
156 1
157 1
158 0
159 0
160 0
161 0
162 0
163 0
164 0
165 0
166 0
167 0
168 0
169 0
170 0
171 0
172 0
173 0
174 0
175 0
176 0
177 0
178 0
179 0
180 0
181 0
182 0
183 0
184 0
185 0
186 0
187 0
188 0
189 0
190 0
freeSelLabel LEU 249==resname UNK
freeSelString (same residue as index 3843) or (resname UNK)
0 23
1 47
2 34
3 39
4 36
5 30
6 45
7 45
8 37
9 33
10 48
11 36
12 24
13 48
14 32
15 13
16 34
17 22
18 23
19 18
20 13
21 22
22 26
23 15
24 21
25 23
26 28
27 26
28 18
29 29
30 22
31 27
32 20
33 23
34 17
35 10
36 41
37 27
38 26
39 40
40 32
41 31
42 39
43 25
44 21
45 34
46 23
47 19
48 27
49 30
50 28
51 18
52 46
53 32
54 41
55 22
56 18
57 47
58 24
59 37
60 25
61 36
62 36
63 25
64 43
65 39
66 36
67 30
68 30
69 31
70 21
71 31
72 23
73 23
74 40
75 40
76 21
77 24
78 24
79 34
80 23
81 22
82 18
83 34
84 23
85 24
86 26
87 20
88 32
89 27
90 28
91 19
92 30
93 28
94 33
95 27
96 31
97 23
98 38
99 35
100 27
101 20
102 32
103 12
104 23
105 19
106 34
107 32
108 22
109 26
110 28
111 25
112 11
113 14
114 16
115 36
116 11
117 22
118 22
119 21
120 16
121 29
122 23
123 32
124 25
125 29
126 14
127 25
128 39
129 18
130 4
131 29
132 13
133 20
134 34
135 35
136 15
137 27
138 15
139 27
140 24
141 24
142 17
143 32
144 16
145 0
146 11
147 21
148 7
149 10
150 10
151 16
152 3
153 13
154 3
155 16
156 15
157 22
158 14
159 19
160 0
161 0
162 0
163 0
164 0
165 0
166 0
167 0
168 0
169 0
170 0
171 0
172 0
173 0
174 0
175 0
176 0
177 0
178 0
179 0
180 0
181 0
182 0
183 0
184 0
185 0
186 0
187 0
188 0
189 0
190 0
freeSelLabel ASN 253==resname UNK
freeSelString (same residue as index 3917) or (resname UNK)
0 12
1 19
2 14
3 17
4 14
5 17
6 15
7 20
8 12
9 9
10 14
11 13
12 4
13 1
14 2
15 6
16 6
17 5
18 7
19 3
20 3
21 3
22 5
23 3
24 2
25 18
26 15
27 16
28 12
29 6
30 14
31 13
32 15
33 13
34 12
35 10
36 15
37 12
38 11
39 19
40 21
41 16
42 15
43 13
44 14
45 20
46 14
47 14
48 14
49 20
50 16
51 15
52 18
53 15
54 14
55 15
56 18
57 19
58 20
59 17
60 20
61 19
62 15
63 22
64 19
65 13
66 19
67 18
68 20
69 13
70 12
71 14
72 18
73 17
74 14
75 15
76 15
77 22
78 17
79 17
80 17
81 20
82 9
83 16
84 12
85 5
86 12
87 14
88 20
89 14
90 14
91 12
92 19
93 17
94 19
95 14
96 18
97 13
98 17
99 17
100 12
101 16
102 12
103 12
104 14
105 13
106 18
107 14
108 13
109 14
110 20
111 19
112 20
113 16
114 10
115 15
116 15
117 13
118 17
119 18
120 15
121 15
122 18
123 16
124 14
125 16
126 14
127 14
128 20
129 9
130 3
131 16
132 12
133 11
134 6
135 11
136 6
137 3
138 5
139 10
140 13
141 16
142 7
143 5
144 5
145 4
146 4
147 5
148 0
149 3
150 0
151 8
152 3
153 4
154 2
155 5
156 5
157 15
158 12
159 17
160 4
161 5
162 3
163 0
164 0
165 0
166 0
167 0
168 0
169 0
170 0
171 0
172 0
173 0
174 0
175 0
176 0
177 0
178 0
179 0
180 0
181 0
182 0
183 0
184 0
185 0
186 0
187 0
188 0
189 0
190 0
freeSelLabel ILE 274==resname UNK
freeSelString (same residue as index 4244) or (resname UNK)
0 25
1 33
2 13
3 21
4 18
5 15
6 31
7 16
8 15
9 21
10 26
11 21
12 35
13 38
14 20
15 17
16 24
17 20
18 7
19 28
20 25
21 36
22 32
23 17
24 21
25 17
26 5
27 16
28 5
29 18
30 15
31 34
32 19
33 20
34 9
35 20
36 8
37 11
38 13
39 21
40 13
41 19
42 22
43 15
44 26
45 20
46 30
47 12
48 35
49 29
50 25
51 25
52 22
53 24
54 22
55 22
56 22
57 29
58 18
59 14
60 17
61 10
62 28
63 21
64 22
65 9
66 31
67 14
68 16
69 11
70 32
71 10
72 24
73 10
74 21
75 19
76 17
77 19
78 12
79 20
80 7
81 13
82 18
83 24
84 17
85 36
86 49
87 13
88 20
89 34
90 23
91 21
92 18
93 30
94 23
95 34
96 10
97 18
98 25
99 22
100 24
101 29
102 25
103 32
104 39
105 36
106 41
107 31
108 32
109 56
110 36
111 30
112 22
113 28
114 30
115 32
116 25
117 15
118 22
119 19
120 13
121 29
122 34
123 24
124 17
125 46
126 21
127 33
128 19
129 31
130 30
131 42
132 33
133 40
134 34
135 17
136 43
137 37
138 35
139 34
140 39
141 47
142 29
143 48
144 34
145 28
146 34
147 35
148 40
149 30
150 36
151 37
152 37
153 29
154 45
155 36
156 29
157 36
158 21
159 33
160 8
161 1
162 1
163 0
164 0
165 0
166 0
167 0
168 0
169 0
170 0
171 0
172 0
173 0
174 0
175 0
176 0
177 0
178 0
179 0
180 0
181 0
182 0
183 0
184 0
185 0
186 0
187 0
188 0
189 0
190 0
freeSelLabel SER 277==resname UNK
freeSelString (same residue as index 4298) or (resname UNK)
0 2
1 21
2 15
3 13
4 16
5 13
6 17
7 14
8 5
9 15
10 19
11 13
12 4
13 12
14 3
15 1
16 14
17 13
18 3
19 3
20 14
21 13
22 14
23 4
24 2
25 1
26 0
27 6
28 5
29 6
30 0
31 15
32 7
33 19
34 3
35 4
36 1
37 7
38 12
39 8
40 12
41 13
42 6
43 17
44 11
45 9
46 9
47 3
48 0
49 6
50 11
51 3
52 3
53 13
54 15
55 7
56 5
57 12
58 6
59 3
60 4
61 4
62 9
63 9
64 4
65 13
66 1
67 12
68 10
69 1
70 17
71 11
72 6
73 7
74 20
75 4
76 5
77 4
78 8
79 12
80 5
81 4
82 4
83 10
84 10
85 3
86 18
87 4
88 10
89 10
90 10
91 3
92 11
93 9
94 3
95 5
96 2
97 6
98 17
99 4
100 1
101 5
102 1
103 4
104 6
105 4
106 13
107 15
108 3
109 5
110 3
111 4
112 2
113 2
114 5
115 3
116 5
117 1
118 0
119 1
120 0
121 6
122 4
123 4
124 4
125 4
126 3
127 3
128 4
129 7
130 2
131 0
132 0
133 5
134 7
135 11
136 6
137 11
138 2
139 4
140 3
141 4
142 0
143 3
144 3
145 0
146 0
147 2
148 0
149 0
150 0
151 0
152 0
153 0
154 0
155 0
156 0
157 0
158 0
159 0
160 0
161 0
162 0
163 0
164 0
165 0
166 0
167 0
168 0
169 0
170 0
171 0
172 0
173 0
174 0
175 0
176 0
177 0
178 0
179 0
180 0
181 0
182 0
183 0
184 0
185 0
186 0
187 0
188 0
189 0
190 0
freeSelLabel HSD 278==resname UNK
freeSelString (same residue as index 4309) or (resname UNK)
0 20
1 11
2 19
3 17
4 19
5 19
6 17
7 10
8 17
9 17
10 18
11 14
12 21
13 21
14 20
15 24
16 19
17 24
18 21
19 27
20 23
21 26
22 19
23 14
24 18
25 24
26 14
27 22
28 18
29 22
30 21
31 24
32 18
33 16
34 20
35 21
36 22
37 20
38 21
39 24
40 16
41 14
42 18
43 14
44 19
45 16
46 16
47 22
48 23
49 19
50 17
51 22
52 24
53 23
54 18
55 21
56 23
57 19
58 18
59 26
60 17
61 21
62 24
63 14
64 19
65 17
66 23
67 19
68 16
69 23
70 16
71 20
72 21
73 13
74 22
75 20
76 21
77 19
78 14
79 12
80 17
81 18
82 21
83 14
84 20
85 17
86 22
87 16
88 12
89 15
90 20
91 20
92 22
93 27
94 25
95 27
96 22
97 22
98 16
99 23
100 24
101 16
102 20
103 22
104 22
105 18
106 16
107 13
108 22
109 17
110 23
111 23
112 25
113 23
114 21
115 23
116 22
117 22
118 20
119 20
120 20
121 23
122 18
123 18
124 13
125 24
126 16
127 21
128 24
129 13
130 17
131 16
132 26
133 19
134 16
135 20
136 20
137 19
138 20
139 19
140 19
141 22
142 18
143 19
144 15
145 12
146 11
147 5
148 4
149 6
150 10
151 2
152 0
153 7
154 0
155 0
156 0
157 0
158 0
159 0
160 0
161 0
162 0
163 0
164 0
165 0
166 0
167 0
168 0
169 0
170 0
171 0
172 0
173 0
174 0
175 0
176 0
177 0
178 0
179 0
180 0
181 0
182 0
183 0
184 0
185 0
186 0
187 0
188 0
189 0
190 0
