12.76 0.0
12.800355276907 7.199999999996011e-6
12.840710553814 2.1600000000000823e-5
12.881065830721 4.3200000000001646e-5
12.921421107628001 7.199999999999847e-5
12.961776384535002 0.00010800000000000412
13.002131661442002 0.00015120000000000576
13.042486938349002 0.0002016000000000034
13.082842215256003 0.0002591999999999971
13.123197492163003 0.0003239999999999995
13.163552769070003 0.000395999999999998
13.203908045977004 0.0004751999999999925
13.244263322884004 0.0005615999999999959
13.284618599791004 0.0006551999999999951
13.324973876698005 0.0007559999999999904
13.365329153605005 0.0008639999999999945
13.405684430512006 0.0009791999999999947
13.446039707419006 0.0011015999999999908
13.486394984326006 0.0012311999999999957
13.526750261233007 0.0013679999999999966
13.567105538140007 0.0015119999999999936
13.607460815047007 0.0016631999999999994
13.647816091954008 0.0018216000000000011
13.688171368861008 0.001987199999999999
13.728526645768008 0.0021599999999999927
13.768881922675009 0.0023399999999999953
13.80923719958201 0.0025271999999999938
13.84959247648901 0.0027215999999999885
13.88994775339601 0.002923199999999992
13.93030303030301 0.0031319999999999916
13.97065830721001 0.003347999999999987
14.011013584117011 0.003571199999999991
14.051368861024011 0.0038015999999999914
14.091724137931012 0.004039199999999988
14.132079414838012 0.004283999999999993
14.172434691745012 0.004535999999999994
14.212789968652013 0.004795199999999991
14.253145245559013 0.005061599999999997
14.293500522466013 0.005335199999999998
14.333855799373014 0.005615999999999996
14.374211076280014 0.00590399999999999
14.414566353187015 0.006199199999999992
14.454921630094015 0.006501599999999991
14.495276907001015 0.006811199999999986
14.535632183908016 0.007127999999999989
14.575987460815016 0.007451999999999989
14.616342737722016 0.007783199999999985
14.656698014629017 0.00812159999999999
14.697053291536017 0.008467199999999989
14.737408568443017 0.008819999999999986
14.777763845350018 0.00917999999999999
14.818119122257018 0.009547199999999992
14.858474399164018 0.009921599999999989
14.898829676071019 0.010303199999999995
14.93918495297802 0.010691999999999997
14.97954022988502 0.011087999999999995
15.01989550679202 0.01149119999999999
15.06025078369902 0.011901599999999993
15.10060606060602 0.012319199999999992
15.140961337513021 0.012743999999999986
15.181316614420021 0.01317599999999999
15.221671891327022 0.013615199999999989
15.262027168234022 0.014061599999999985
15.302382445141022 0.014515199999999989
15.342737722048023 0.01497599999999999
15.383092998955023 0.015443999999999986
15.423448275862023 0.01591919999999999
15.463803552769024 0.016401599999999992
15.504158829676024 0.016891199999999988
15.544514106583025 0.017387999999999994
15.584869383490025 0.017891999999999995
15.625224660397025 0.018403199999999995
15.665579937304026 0.01892159999999999
15.705935214211026 0.019447199999999994
15.746290491118026 0.019979999999999994
15.786645768025027 0.02051999999999999
15.827001044932027 0.021067199999999994
15.867356321839027 0.021621599999999994
15.907711598746028 0.02218319999999999
15.948066875653028 0.022751999999999994
15.988422152560029 0.023327999999999995
16.02877742946703 0.02391119999999999
16.06913270637403 0.024501599999999995
16.10948798328103 0.025099199999999995
16.14984326018803 0.02570399999999999
16.190198537095032 0.026315999999999996
16.230553814002032 0.0269352
16.270909090909033 0.0275616
16.311264367816033 0.028195199999999993
16.351619644723034 0.028835999999999997
16.391974921630034 0.029483999999999996
16.432330198537034 0.03013919999999999
16.472685475444035 0.030801599999999995
16.513040752351035 0.0314712
16.553396029258035 0.032147999999999996
16.593751306165036 0.032832
16.634106583072036 0.0335232
16.674461859979036 0.0342216
16.714817136886037 0.034927200000000005
16.755172413793037 0.035640000000000005
16.795527690700037 0.03636
16.835882967607038 0.03708720000000001
16.876238244514038 0.03782160000000001
16.91659352142104 0.038563200000000006
16.95694879832804 0.039312
16.99730407523504 0.040068000000000006
17.03765935214204 0.040831200000000005
17.07801462904904 0.0416016
17.11836990595604 0.042379200000000006
17.15872518286304 0.04316400000000001
17.19908045977004 0.043956
17.23943573667704 0.04475520000000001
17.279791013584042 0.04556160000000001
17.320146290491042 0.046375200000000005
17.360501567398043 0.04719600000000001
17.400856844305043 0.04802400000000001
17.441212121212043 0.048859200000000005
17.481567398119044 0.04970160000000001
17.521922675026044 0.05055120000000002
17.562277951933044 0.051408000000000016
17.602633228840045 0.05227200000000001
17.642988505747045 0.053143200000000015
17.683343782654045 0.05402160000000002
17.723699059561046 0.05490720000000001
17.764054336468046 0.055800000000000016
17.804409613375046 0.056700000000000014
17.844764890282047 0.05760720000000001
17.885120167189047 0.058521600000000014
17.925475444096048 0.059443200000000015
17.965830721003048 0.06037200000000001
18.00618599791005 0.061308000000000015
18.04654127481705 0.06225120000000002
18.08689655172405 0.06320160000000002
18.12725182863105 0.06415920000000001
18.16760710553805 0.06512400000000002
18.20796238244505 0.06609600000000002
18.24831765935205 0.06707520000000002
18.28867293625905 0.06806160000000001
18.32902821316605 0.06905520000000001
18.36938349007305 0.07005600000000001
18.409738766980052 0.07106400000000002
18.450094043887052 0.07207920000000001
18.490449320794053 0.0731016
18.530804597701053 0.07413120000000001
18.571159874608053 0.07516800000000001
18.611515151515054 0.07621200000000002
18.651870428422054 0.07726320000000002
18.692225705329054 0.07832160000000002
18.732580982236055 0.07938720000000002
18.772936259143055 0.08046000000000002
18.813291536050055 0.08154000000000002
18.853646812957056 0.08262720000000001
18.894002089864056 0.08372160000000001
18.934357366771057 0.08482320000000002
18.974712643678057 0.08593200000000001
19.015067920585057 0.087048
19.055423197492058 0.0881712
19.095778474399058 0.08930160000000001
19.13613375130606 0.09043920000000001
19.17648902821306 0.09158400000000001
19.21684430512006 0.09273600000000001
19.25719958202706 0.09389520000000001
19.29755485893406 0.09506160000000002
19.33791013584106 0.09623520000000002
19.37826541274806 0.09741600000000002
19.41862068965506 0.09860400000000001
19.45897596656206 0.09979920000000002
19.49933124346906 0.10100160000000001
19.539686520376062 0.1022112
19.580041797283062 0.103428
19.620397074190063 0.10465200000000001
19.660752351097063 0.10588320000000001
19.701107628004063 0.10712160000000001
19.741462904911064 0.10836720000000001
19.781818181818064 0.10962000000000001
19.822173458725064 0.11088000000000002
19.862528735632065 0.11214720000000002
19.902884012539065 0.11342160000000001
19.943239289446065 0.11470320000000002
19.983594566353066 0.11599200000000003
20.023949843260066 0.11728800000000002
20.064305120167067 0.11859120000000001
20.104660397074067 0.11990160000000001
20.145015673981067 0.12121920000000001
20.185370950888068 0.12254400000000001
20.225726227795068 0.12387600000000001
20.26608150470207 0.12521520000000003
20.30643678160907 0.12656160000000002
20.34679205851607 0.12791520000000003
20.38714733542307 0.12927600000000003
20.42750261233007 0.13064400000000004
20.46785788923707 0.13201920000000003
20.50821316614407 0.13340160000000004
20.54856844305107 0.13479120000000003
20.58892371995807 0.13618800000000003
20.62927899686507 0.13759200000000002
20.669634273772072 0.13900320000000002
20.709989550679072 0.1404216
20.750344827586073 0.1418472
20.790700104493073 0.14328000000000002
20.831055381400073 0.14472000000000002
20.871410658307074 0.14616720000000002
20.911765935214074 0.14762160000000002
20.952121212121074 0.14908320000000003
20.992476489028075 0.15055200000000002
21.032831765935075 0.15202800000000002
21.073187042842076 0.15351120000000001
21.113542319749076 0.15500160000000002
21.153897596656076 0.1564992
21.194252873563077 0.158004
21.234608150470077 0.15951600000000002
21.274963427377077 0.16103520000000002
21.315318704284078 0.16256160000000003
21.355673981191078 0.16409520000000002
21.39602925809808 0.16563600000000003
21.43638453500508 0.16718400000000003
21.47673981191208 0.16873920000000003
21.51709508881908 0.17030160000000003
21.55745036572608 0.17187120000000003
21.59780564263308 0.17344800000000002
21.63816091954008 0.17503200000000002
21.67851619644708 0.1766232
21.71887147335408 0.1782216
21.75922675026108 0.17982720000000002
21.799582027168082 0.18144000000000002
21.839937304075082 0.18306000000000003
21.880292580982083 0.18468720000000002
21.920647857889083 0.18632160000000003
21.961003134796083 0.18796320000000002
22.001358411703084 0.18961200000000003
22.041713688610084 0.19126800000000002
22.082068965517085 0.19293120000000002
22.122424242424085 0.1946016
22.162779519331085 0.19627920000000001
22.203134796238086 0.197964
22.243490073145086 0.199656
22.283845350052086 0.2013552
22.324200626959087 0.2030616
22.364555903866087 0.20477520000000002
22.404911180773087 0.206496
22.445266457680088 0.20822400000000002
22.485621734587088 0.2099592
22.52597701149409 0.21170160000000002
22.56633228840109 0.2134512
22.60668756530809 0.215208
22.64704284221509 0.216972
22.68739811912209 0.2187432
22.72775339602909 0.22052159999999998
22.76810867293609 0.22230719999999998
22.80846394984309 0.2241
22.84881922675009 0.2259
22.88917450365709 0.2277072
22.929529780564092 0.2295216
22.969885057471092 0.2313432
23.010240334378093 0.233172
23.050595611285093 0.235008
23.090950888192094 0.23685119999999998
23.131306165099094 0.23870159999999999
23.171661442006094 0.2405592
23.212016718913095 0.242424
23.252371995820095 0.244296
23.292727272727095 0.2461752
23.333082549634096 0.24806160000000002
23.373437826541096 0.24995520000000002
23.413793103448096 0.251856
23.454148380355097 0.25376400000000005
23.494503657262097 0.25567920000000005
23.534858934169097 0.25760160000000004
23.575214211076098 0.2595312000000001
23.615569487983098 0.2614680000000001
23.6559247648901 0.2634120000000001
23.6962800417971 0.2653632000000001
23.7366353187041 0.2673216000000001
23.7769905956111 0.2692872000000001
23.8173458725181 0.2712600000000001
23.8577011494251 0.2732400000000001
23.8980564263321 0.2752272000000001
23.9384117032391 0.2772216000000001
23.9787669801461 0.2792232000000001
24.019122257053102 0.2812320000000001
24.059477533960102 0.2832480000000001
24.099832810867102 0.2852712000000001
24.140188087774103 0.2873016000000001
24.180543364681103 0.2893392000000001
24.220898641588104 0.2913840000000001
24.261253918495104 0.2934360000000001
24.301609195402104 0.29549520000000007
24.341964472309105 0.2975616000000001
24.382319749216105 0.2996352000000001
24.422675026123105 0.3017160000000001
24.463030303030106 0.30380400000000013
24.503385579937106 0.30589920000000015
24.543740856844106 0.30800160000000015
24.584096133751107 0.31011120000000014
24.624451410658107 0.31222800000000017
24.664806687565108 0.3143520000000002
24.705161964472108 0.3164832000000002
24.74551724137911 0.31862160000000017
24.78587251828611 0.3207672000000002
24.82622779519311 0.3229200000000002
24.86658307210011 0.3250800000000002
24.90693834900711 0.3272472000000002
24.94729362591411 0.3294216000000002
24.98764890282111 0.3316032000000002
25.02800417972811 0.3337920000000002
25.06835945663511 0.3359880000000002
25.10871473354211 0.3381912000000002
25.149070010449112 0.3404016000000002
25.189425287356112 0.3426192000000002
25.229780564263113 0.34484400000000015
25.270135841170113 0.34707600000000016
25.310491118077113 0.34931520000000016
25.350846394984114 0.35156160000000014
25.391201671891114 0.35381520000000016
25.431556948798114 0.35607600000000017
25.471912225705115 0.35834400000000016
25.512267502612115 0.3606192000000002
25.552622779519115 0.3629016000000002
25.592978056426116 0.3651912000000002
25.633333333333116 0.3674880000000002
25.673688610240117 0.36979200000000023
25.714043887147117 0.37210320000000024
25.754399164054117 0.37442160000000024
25.794754440961118 0.3767472000000002
25.835109717868118 0.37908000000000025
25.87546499477512 0.38142000000000026
25.91582027168212 0.38376720000000025
25.95617554858912 0.38612160000000023
25.99653082549612 0.38848320000000025
26.03688610240312 0.39085200000000025
26.07724137931012 0.39322800000000024
26.11759665621712 0.3956112000000002
26.15795193312412 0.39800160000000023
26.19830721003112 0.40039920000000023
26.23866248693812 0.4028040000000002
26.279017763845122 0.40521600000000024
26.319373040752122 0.40763520000000025
26.359728317659123 0.41006160000000025
26.400083594566123 0.41249520000000023
26.440438871473123 0.41493600000000025
26.480794148380124 0.41738400000000025
26.521149425287124 0.41983920000000025
26.561504702194124 0.4223016000000003
26.601859979101125 0.4247712000000003
26.642215256008125 0.4272480000000003
26.682570532915125 0.4297320000000003
26.722925809822126 0.4322232000000003
26.763281086729126 0.4347216000000003
26.803636363636127 0.4372272000000003
26.843991640543127 0.4397400000000003
26.884346917450127 0.4422600000000003
26.924702194357128 0.4447872000000003
26.965057471264128 0.4473216000000003
27.00541274817113 0.4498632000000003
27.04576802507813 0.4524120000000003
27.08612330198513 0.4549680000000003
27.12647857889213 0.4575312000000003
27.16683385579913 0.4601016000000003
27.20718913270613 0.4626792000000003
27.24754440961313 0.4652640000000003
27.28789968652013 0.46785600000000027
27.32825496342713 0.4704552000000003
27.36861024033413 0.4730616000000003
27.408965517241132 0.4756752000000003
27.449320794148132 0.4782960000000003
27.489676071055133 0.4809240000000003
27.530031347962133 0.4835592000000003
27.570386624869133 0.4862016000000003
27.610741901776134 0.4888512000000003
27.651097178683134 0.49150800000000033
27.691452455590134 0.49417200000000033
27.731807732497135 0.4968432000000003
27.772163009404135 0.49952160000000034
27.812518286311136 0.5022072000000003
27.852873563218136 0.5049000000000003
27.893228840125136 0.5076000000000004
27.933584117032137 0.5103072000000004
27.973939393939137 0.5130216000000004
28.014294670846137 0.5157432000000004
28.054649947753138 0.5184720000000004
28.095005224660138 0.5212080000000003
28.13536050156714 0.5239512000000004
28.17571577847414 0.5267016000000004
28.21607105538114 0.5294592000000005
28.25642633228814 0.5322240000000005
28.29678160919514 0.5349960000000005
28.33713688610214 0.5377752000000005
28.37749216300914 0.5405616000000004
28.41784743991614 0.5433552000000004
28.45820271682314 0.5461560000000004
28.49855799373014 0.5489640000000005
28.538913270637142 0.5517792000000005
28.579268547544142 0.5546016000000005
28.619623824451143 0.5574312000000005
28.659979101358143 0.5602680000000004
28.700334378265143 0.5631120000000004
28.740689655172144 0.5659632000000004
28.781044932079144 0.5688216000000005
28.821400208986145 0.5716872000000005
28.861755485893145 0.5745600000000005
28.902110762800145 0.5774400000000005
28.942466039707146 0.5803272000000005
28.982821316614146 0.5832216000000005
29.023176593521146 0.5861232000000004
29.063531870428147 0.5890320000000004
29.103887147335147 0.5919480000000005
29.144242424242147 0.5948712000000005
29.184597701149148 0.5978016000000005
29.224952978056148 0.6007392000000005
29.26530825496315 0.6036840000000004
29.30566353187015 0.6066360000000004
29.34601880877715 0.6095952000000004
29.38637408568415 0.6125616000000005
29.42672936259115 0.6155352000000005
29.46708463949815 0.6185160000000005
29.50743991640515 0.6215040000000005
29.54779519331215 0.6244992000000005
29.58815047021915 0.6275016000000004
29.62850574712615 0.6305112000000004
29.668861024033152 0.6335280000000004
29.709216300940152 0.6365520000000005
29.749571577847153 0.6395832000000005
29.789926854754153 0.6426216000000005
29.830282131661153 0.6456672000000004
29.870637408568154 0.6487200000000004
29.910992685475154 0.6517800000000004
29.951347962382155 0.6548472000000004
29.991703239289155 0.6579216000000004
30.032058516196155 0.6610032000000005
30.072413793103156 0.6640920000000005
30.112769070010156 0.6671880000000004
30.153124346917156 0.6702912000000004
30.193479623824157 0.6734016000000004
30.233834900731157 0.6765192000000004
30.274190177638157 0.6796440000000005
30.314545454545158 0.6827760000000005
30.354900731452158 0.6859152000000005
30.39525600835916 0.6890616000000005
30.43561128526616 0.6922152000000005
30.47596656217316 0.6953760000000004
30.51632183908016 0.6985440000000004
30.55667711598716 0.7017192000000004
30.59703239289416 0.7049016000000005
30.63738766980116 0.7080912000000005
30.67774294670816 0.7112880000000005
30.71809822361516 0.7144920000000005
30.75845350052216 0.7177032000000004
30.798808777429162 0.7209216000000004
30.839164054336162 0.7241472000000004
30.879519331243163 0.7273800000000005
30.919874608150163 0.7306200000000005
30.960229885057164 0.7338672000000005
31.000585161964164 0.7371216000000005
31.040940438871164 0.7403832000000005
31.081295715778165 0.7436520000000004
31.121650992685165 0.7469280000000004
31.162006269592165 0.7502112000000004
31.202361546499166 0.7535016000000004
31.242716823406166 0.7567992000000004
31.283072100313166 0.7601040000000004
31.323427377220167 0.7634160000000004
31.363782654127167 0.7667352000000004
31.404137931034168 0.7700616000000003
31.444493207941168 0.7733952000000004
31.48484848484817 0.7767360000000004
31.52520376175517 0.7800840000000004
31.56555903866217 0.7834392000000004
31.60591431556917 0.7868016000000004
31.64626959247617 0.7901712000000004
31.68662486938317 0.7935480000000004
31.72698014629017 0.7969320000000004
31.76733542319717 0.8003232000000005
31.80769070010417 0.8037216000000005
31.84804597701117 0.8071272000000005
31.888401253918172 0.8105400000000005
31.928756530825172 0.8139600000000005
31.969111807732173 0.8173872000000004
32.00946708463918 0.8208216000000004
32.04982236154618 0.8242632000000004
32.09017763845318 0.8277120000000004
32.13053291536018 0.8311680000000005
32.17088819226718 0.8346312000000005
32.21124346917418 0.8381016000000004
32.25159874608118 0.8415792000000004
32.29195402298818 0.8450640000000004
32.33230929989518 0.8485560000000004
32.37266457680218 0.8520552000000005
32.41301985370918 0.8555616000000005
32.45337513061618 0.8590752000000005
32.49373040752318 0.8625960000000005
32.53408568443018 0.8661240000000004
32.57444096133718 0.8696592000000004
32.61479623824418 0.8732016000000005
32.65515151515118 0.8767512000000005
32.69550679205818 0.8803080000000005
32.73586206896518 0.8838720000000005
32.77621734587218 0.8874432000000005
32.816572622779184 0.8910216000000005
32.856927899686184 0.8946072000000005
32.897283176593184 0.8982000000000004
32.937638453500185 0.9018000000000005
32.977993730407185 0.9054072000000005
33.018349007314185 0.9090216000000005
33.058704284221186 0.9126432000000005
33.099059561128186 0.9162720000000005
33.13941483803519 0.9199080000000005
33.17977011494219 0.9235512000000005
33.22012539184919 0.9272016000000004
33.26048066875619 0.9308592000000004
33.30083594566319 0.9345240000000005
33.34119122257019 0.9381960000000005
33.38154649947719 0.9418752000000005
33.42190177638419 0.9455616000000004
33.46225705329119 0.9492552000000004
33.50261233019819 0.9529560000000004
33.54296760710519 0.9566640000000004
33.58332288401219 0.9603792000000004
33.62367816091919 0.9641016000000004
33.66403343782619 0.9678312000000004
33.70438871473319 0.9715680000000004
33.74474399164019 0.9753120000000004
33.78509926854719 0.9790632000000004
33.82545454545419 0.9828216000000004
33.86580982236119 0.9865872000000004
33.90616509926819 0.9903600000000005
33.946520376175194 0.9941400000000005
33.986875653082194 0.9979272000000005
34.027230929989194 1.0017216000000004
34.067586206896195 1.0055232000000005
34.107941483803195 1.0093320000000006
34.148296760710195 1.0131480000000006
34.188652037617196 1.0169712000000006
34.229007314524196 1.0208016000000006
34.2693625914312 1.0246392000000006
34.3097178683382 1.0284840000000006
34.3500731452452 1.0323360000000006
34.3904284221522 1.0361952000000005
34.4307836990592 1.0400616000000005
34.4711389759662 1.0439352000000004
34.5114942528732 1.0478160000000003
34.5518495297802 1.0517040000000002
34.5922048066872 1.0555992000000003
34.6325600835942 1.0595016000000004
34.6729153605012 1.0634112000000004
34.7132706374082 1.0673280000000005
34.7536259143152 1.0712520000000005
34.7939811912222 1.0751832000000006
34.8343364681292 1.0791216000000006
34.8746917450362 1.0830672000000006
34.9150470219432 1.0870200000000005
34.9554022988502 1.0909800000000005
34.9957575757572 1.0949472000000005
35.0361128526642 1.0989216000000004
35.076468129571204 1.1029032000000003
35.116823406478204 1.1068920000000002
35.157178683385204 1.110888
35.197533960292205 1.1148912000000002
35.237889237199205 1.1189016000000003
35.278244514106206 1.1229192000000003
35.318599791013206 1.1269440000000004
35.358955067920206 1.1309760000000004
35.39931034482721 1.1350152000000004
35.43966562173421 1.1390616000000005
35.48002089864121 1.1431152000000004
35.52037617554821 1.1471760000000004
35.56073145245521 1.1512440000000004
35.60108672936221 1.1553192000000003
35.64144200626921 1.1594016000000003
35.68179728317621 1.1634912000000002
35.72215256008321 1.167588
35.76250783699021 1.1716920000000002
35.80286311389721 1.1758032000000003
35.84321839080421 1.1799216000000003
35.88357366771121 1.1840472000000004
35.92392894461821 1.1881800000000005
35.96428422152521 1.1923200000000005
36.00463949843221 1.1964672000000005
36.04499477533921 1.2006216000000005
36.08535005224621 1.2047832000000005
36.12570532915321 1.2089520000000005
36.16606060606021 1.2131280000000004
36.206415882967214 1.2173112000000004
36.246771159874214 1.2215016000000003
36.287126436781215 1.2256992000000002
36.327481713688215 1.229904
36.367836990595215 1.2341160000000002
36.408192267502216 1.2383352000000003
36.448547544409216 1.2425616000000004
36.488902821316216 1.2467952000000004
36.52925809822322 1.2510360000000005
36.56961337513022 1.2552840000000005
36.60996865203722 1.2595392000000005
36.65032392894422 1.2638016000000005
36.69067920585122 1.2680712000000005
36.73103448275822 1.2723480000000005
36.77138975966522 1.2766320000000004
36.81174503657222 1.2809232000000004
36.85210031347922 1.2852216000000003
36.89245559038622 1.2895272000000002
36.93281086729322 1.29384
36.97316614420022 1.2981600000000002
37.01352142110722 1.3024872000000003
37.05387669801422 1.3068216000000004
37.09423197492122 1.3111632000000004
37.13458725182822 1.3155120000000005
37.17494252873522 1.3198680000000005
37.21529780564222 1.3242312000000005
37.25565308254922 1.3286016000000005
37.29600835945622 1.3329792000000005
37.336363636363224 1.3373640000000004
37.376718913270224 1.3417560000000004
37.417074190177225 1.3461552000000003
37.457429467084225 1.3505616000000003
37.497784743991225 1.3549752000000002
37.538140020898226 1.3593960000000003
37.578495297805226 1.3638240000000004
37.618850574712226 1.3682592000000005
37.65920585161923 1.3727016000000005
37.69956112852623 1.3771512000000006
37.73991640543323 1.3816080000000006
37.78027168234023 1.3860720000000006
37.82062695924723 1.3905432000000006
37.86098223615423 1.3950216000000006
37.90133751306123 1.3995072000000006
37.94169278996823 1.4040000000000006
37.98204806687523 1.4085000000000005
38.02240334378223 1.4130072000000005
38.06275862068923 1.4175216000000004
38.10311389759623 1.4220432000000003
38.14346917450323 1.4265720000000002
38.18382445141023 1.4311080000000003
38.22417972831723 1.4356512000000003
38.26453500522423 1.4402016000000004
38.30489028213123 1.4447592000000005
38.34524555903823 1.4493240000000005
38.38560083594523 1.4538960000000005
38.425956112852234 1.4584752000000005
38.466311389759234 1.4630616000000005
38.506666666666234 1.4676552000000005
38.547021943573235 1.4722560000000005
38.587377220480235 1.4768640000000004
38.627732497387235 1.4814792000000003
38.668087774294236 1.4861016000000002
38.708443051201236 1.4907312000000001
38.748798328108236 1.4953680000000003
38.78915360501524 1.5000120000000003
38.82950888192224 1.5046632000000004
38.86986415882924 1.5093216000000005
38.91021943573624 1.5139872000000005
38.95057471264324 1.5186600000000006
38.99092998955024 1.5233400000000006
39.03128526645724 1.5280272000000006
39.07164054336424 1.5327216000000006
39.11199582027124 1.5374232000000005
39.15235109717824 1.5421320000000005
39.19270637408524 1.5468480000000004
39.23306165099224 1.5515712000000004
39.27341692789924 1.5563016000000003
39.31377220480624 1.5610392000000002
39.35412748171324 1.5657840000000003
39.39448275862024 1.5705360000000004
39.43483803552724 1.5752952000000005
39.47519331243424 1.5800616000000005
39.51554858934124 1.5848352000000006
39.555903866248244 1.5896160000000006
39.596259143155244 1.5944040000000006
39.636614420062244 1.5991992000000006
39.676969696969245 1.6040016000000006
39.717324973876245 1.6088112000000006
39.757680250783245 1.6136280000000005
39.798035527690246 1.6184520000000004
39.838390804597246 1.6232832000000004
39.87874608150425 1.6281216000000003
39.91910135841125 1.6329672000000002
39.95945663531825 1.6378200000000003
39.99981191222525 1.6426800000000004
40.04016718913225 1.6475472000000004
40.08052246603925 1.6524216000000005
40.12087774294625 1.6573032000000005
40.16123301985325 1.6621920000000006
40.20158829676025 1.6670880000000006
40.24194357366725 1.6719912000000006
40.28229885057425 1.6769016000000005
40.32265412748125 1.6818192000000005
40.36300940438825 1.6867440000000005
40.40336468129525 1.6916760000000004
40.44371995820225 1.6966152000000003
40.48407523510925 1.7015616000000002
40.52443051201625 1.7065152000000003
40.56478578892325 1.7114760000000004
40.60514106583025 1.7164440000000005
40.64549634273725 1.7214192000000006
40.685851619644254 1.7264016000000006
40.726206896551254 1.7313912000000007
40.766562173458254 1.7363880000000007
40.806917450365255 1.7413920000000007
40.847272727272255 1.7464032000000007
40.887628004179255 1.7514216000000007
40.927983281086256 1.7564472000000007
40.968338557993256 1.7614800000000006
41.00869383490026 1.7665200000000005
41.04904911180726 1.7715672000000005
41.08940438871426 1.7766216000000004
41.12975966562126 1.7816832000000002
41.17011494252826 1.7867520000000003
41.21047021943526 1.7918280000000004
41.25082549634226 1.7969112000000005
41.29118077324926 1.8020016000000005
41.33153605015626 1.8070992000000006
41.37189132706326 1.8122040000000006
41.41224660397026 1.8173160000000006
41.45260188087726 1.8224352000000006
41.49295715778426 1.8275616000000006
41.53331243469126 1.8326952000000005
41.57366771159826 1.8378360000000005
41.61402298850526 1.8429840000000004
41.65437826541226 1.8481392000000003
41.69473354231926 1.8533016000000002
41.73508881922626 1.8584712000000003
41.77544409613326 1.8636480000000004
41.815799373040264 1.8688320000000005
41.856154649947264 1.8740232000000006
41.896509926854264 1.8792216000000006
41.936865203761265 1.8844272000000006
41.977220480668265 1.8896400000000007
42.017575757575266 1.8948600000000007
42.057931034482266 1.9000872000000006
42.098286311389266 1.9053216000000006
42.13864158829627 1.9105632000000006
42.17899686520327 1.9158120000000005
42.21935214211027 1.9210680000000004
42.25970741901727 1.9263312000000004
42.30006269592427 1.9316016000000003
42.34041797283127 1.9368792000000004
42.38077324973827 1.9421640000000004
42.42112852664527 1.9474560000000005
42.46148380355227 1.9527552000000006
42.50183908045927 1.9580616000000006
42.54219435736627 1.9633752000000007
42.58254963427327 1.9686960000000007
42.62290491118027 1.9740240000000007
42.66326018808727 1.9793592000000007
42.70361546499427 1.9847016000000006
42.74397074190127 1.9900512000000006
42.78432601880827 1.9954080000000005
42.82468129571527 2.0007720000000004
42.86503657262227 2.0061432000000003
42.90539184952927 2.0115216000000005
42.945747126436274 2.0169072000000003
42.986102403343274 2.0223000000000004
43.026457680250275 2.0277000000000003
43.066812957157275 2.0331072000000003
43.107168234064275 2.0385216
43.147523510971276 2.0439432
43.187878787878276 2.049372
43.228234064785276 2.054808
43.26858934169228 2.0602512
43.30894461859928 2.0657016
43.34929989550628 2.0711592000000003
43.38965517241328 2.0766240000000002
43.43001044932028 2.0820960000000004
43.47036572622728 2.0875752000000003
43.51072100313428 2.0930616000000004
43.55107628004128 2.0985552000000003
43.59143155694828 2.1040560000000004
43.63178683385528 2.109564
43.67214211076228 2.1150792000000003
43.71249738766928 2.1206016
43.75285266457628 2.1261312
43.79320794148328 2.131668
43.83356321839028 2.137212
43.87391849529728 2.1427632
43.91427377220428 2.1483216
43.95462904911128 2.1538872000000002
43.99498432601828 2.15946
44.03533960292528 2.1650400000000003
44.075694879832284 2.1706272
44.116050156739284 2.1762216000000003
44.156405433646285 2.1818232
44.196760710553285 2.1874320000000003
44.237115987460285 2.193048
44.277471264367286 2.1986712
44.317826541274286 2.2043016
44.358181818181286 2.2099392
44.39853709508829 2.2155839999999998
44.43889237199529 2.2212359999999998
44.47924764890229 2.2268952
44.51960292580929 2.2325616
44.55995820271629 2.2382352
44.60031347962329 2.243916
44.64066875653029 2.249604
44.68102403343729 2.2552992
44.72137931034429 2.2610016
44.76173458725129 2.2667112
44.80208986415829 2.272428
44.84244514106529 2.278152
44.88280041797229 2.2838832
44.92315569487929 2.2896216
44.96351097178629 2.2953672
45.00386624869329 2.3011199999999996
45.04422152560029 2.3068799999999996
45.08457680250729 2.3126472
45.12493207941429 2.3184215999999997
45.16528735632129 2.3242032
45.205642633228294 2.329992
45.245997910135294 2.335788
45.286353187042295 2.3415912
45.326708463949295 2.3474016
45.367063740856295 2.3532192
45.407419017763296 2.359044
45.447774294670296 2.3648759999999998
45.488129571577296 2.3707152
45.5284848484843 2.3765615999999996
45.5688401253913 2.3824151999999996
45.6091954022983 2.388276
45.6495506792053 2.394144
45.6899059561123 2.4000192
45.7302612330193 2.4059016
45.7706165099263 2.4117912
45.8109717868333 2.417688
45.8513270637403 2.423592
45.8916823406473 2.4295032
45.9320376175543 2.4354216
45.9723928944613 2.4413472
46.0127481713683 2.44728
46.0531034482753 2.45322
46.0934587251823 2.4591672
46.1338140020893 2.4651216
46.1741692789963 2.4710832
46.2145245559033 2.477052
46.2548798328103 2.483028
46.295235109717304 2.4890112
46.335590386624304 2.4950016
46.375945663531304 2.5009992000000003
46.416300940438305 2.5070040000000002
46.456656217345305 2.5130160000000004
46.497011494252305 2.5190352000000003
46.537366771159306 2.5250616000000004
46.577722048066306 2.5310952
46.61807732497331 2.5371360000000003
46.65843260188031 2.543184
46.69878787878731 2.5492392
46.73914315569431 2.5553016
46.77949843260131 2.5613712
46.81985370950831 2.567448
46.86020898641531 2.573532
46.90056426332231 2.5796232000000003
46.94091954022931 2.5857216000000003
46.98127481713631 2.5918272000000004
47.02163009404331 2.5979400000000004
47.06198537095031 2.6040600000000005
47.10234064785731 2.6101872000000004
47.14269592476431 2.6163216000000005
47.18305120167131 2.6224632000000003
47.22340647857831 2.6286120000000004
47.26376175548531 2.634768
47.30411703239231 2.6409312000000003
47.34447230929931 2.6471016
47.38482758620631 2.6532792
47.425182863113314 2.6594640000000003
47.465538140020314 2.6656560000000002
47.505893416927314 2.6718552000000004
47.546248693834315 2.6780616000000004
47.586603970741315 2.6842752000000005
47.626959247648315 2.6904960000000004
47.667314524555316 2.6967240000000006
47.707669801462316 2.7029592000000005
47.74802507836932 2.7092016000000005
47.78838035527632 2.7154512000000004
47.82873563218332 2.7217080000000005
47.86909090909032 2.7279720000000003
47.90944618599732 2.7342432000000003
47.94980146290432 2.7405216
47.99015673981132 2.7468072
48.03051201671832 2.7531000000000003
48.07086729362532 2.7594000000000003
48.11122257053232 2.7657072000000005
48.15157784743932 2.7720216000000004
48.19193312434632 2.7783432000000006
48.23228840125332 2.7846720000000005
48.27264367816032 2.7910080000000006
48.31299895506732 2.7973512000000005
48.35335423197432 2.8037016000000006
48.39370950888132 2.8100592000000004
48.43406478578832 2.8164240000000005
48.47442006269532 2.8227960000000003
48.51477533960232 2.8291752000000003
48.555130616509324 2.8355616
48.595485893416324 2.8419552
48.635841170323324 2.8483560000000003
48.676196447230325 2.8547640000000003
48.716551724137325 2.8611792000000005
48.756907001044326 2.8676016000000004
48.797262277951326 2.8740312000000006
48.837617554858326 2.8804680000000005
48.87797283176533 2.8869120000000006
48.91832810867233 2.8933632000000005
48.95868338557933 2.8998216000000006
48.99903866248633 2.9062872000000004
49.03939393939333 2.9127600000000005
49.07974921630033 2.9192400000000003
49.12010449320733 2.9257272000000003
49.16045977011433 2.9322216
49.20081504702133 2.9387232
49.24117032392833 2.9452320000000003
49.28152560083533 2.9517480000000003
49.32188087774233 2.9582712000000004
49.36223615464933 2.9648016000000004
49.40259143155633 2.9713392000000005
49.44294670846333 2.9778840000000004
49.48330198537033 2.9844360000000005
49.52365726227733 2.9909952000000004
49.56401253918433 2.9975616000000005
49.60436781609133 3.0041352000000003
49.64472309299833 3.0107160000000004
49.685078369905334 3.017304
49.725433646812334 3.0238992000000002
49.765788923719334 3.0305016
49.806144200626335 3.0371112
49.846499477533335 3.043728
49.886854754440336 3.050352
49.927210031347336 3.0569832000000003
49.967565308254336 3.0636216000000003
50.00792058516134 3.0702672000000004
50.04827586206834 3.0769200000000003
50.08863113897534 3.0835800000000004
50.12898641588234 3.0902472000000003
50.16934169278934 3.0969216000000004
50.20969696969634 3.1036032000000002
50.25005224660334 3.1102920000000003
50.29040752351034 3.116988
50.33076280041734 3.1236912
50.37111807732434 3.1304016
50.41147335423134 3.1371192
50.45182863113834 3.143844
50.49218390804534 3.150576
50.53253918495234 3.1573152
50.57289446185934 3.1640616
50.61324973876634 3.1708152000000003
50.65360501567334 3.177576
50.69396029258034 3.1843440000000003
50.73431556948734 3.1911192
50.77467084639434 3.1979016000000002
50.815026123301344 3.2046912
50.855381400208344 3.211488
50.895736677115345 3.218292
50.936091954022345 3.2251032
50.976447230929345 3.2319215999999997
51.016802507836346 3.2387471999999997
51.057157784743346 3.24558
51.097513061650346 3.25242
51.13786833855735 3.2592672
51.17822361546435 3.2661216
51.21857889237135 3.2729832
51.25893416927835 3.279852
51.29928944618535 3.286728
51.33964472309235 3.2936112
51.37999999999935 3.3005016
51.42035527690635 3.3073992
51.46071055381335 3.314304
51.50106583072035 3.3212159999999997
51.54142110762735 3.3281351999999997
51.58177638453435 3.3350615999999995
51.62213166144135 3.3419951999999995
51.66248693834835 3.3489359999999997
51.70284221525535 3.3558839999999996
51.74319749216235 3.3628392
51.78355276906935 3.3698015999999997
51.82390804597635 3.3767712
51.86426332288335 3.3837479999999998
51.90461859979035 3.390732
51.944973876697354 3.3977231999999997
51.985329153604354 3.4047216
52.025684430511355 3.4117271999999996
52.066039707418355 3.4187399999999997
52.106394984325355 3.4257599999999995
52.146750261232356 3.4327871999999995
52.187105538139356 3.4398215999999997
52.227460815046356 3.4468631999999997
52.26781609195336 3.453912
52.30817136886036 3.460968
52.34852664576736 3.4680312
52.38888192267436 3.4751016
52.42923719958136 3.4821792
52.46959247648836 3.489264
52.50994775339536 3.496356
52.55030303030236 3.5034552
52.59065830720936 3.5105616
52.63101358411636 3.5176752
52.67136886102336 3.524796
52.71172413793036 3.5319239999999996
52.75207941483736 3.5390591999999996
52.79243469174436 3.5462016
52.83278996865136 3.5533512
52.87314524555836 3.560508
52.91350052246536 3.567672
52.95385579937236 3.5748432
52.99421107627936 3.5820216
53.034566353186364 3.5892072
53.074921630093364 3.5964
53.115276907000364 3.6036
53.155632183907365 3.6108072
53.195987460814365 3.6180216
53.236342737721365 3.6252432
53.276698014628366 3.632472
53.317053291535366 3.6397079999999997
53.35740856844237 3.6469511999999997
53.39776384534937 3.6542016
53.43811912225637 3.6614592
53.47847439916337 3.668724
53.51882967607037 3.675996
53.55918495297737 3.6832752
53.59954022988437 3.6905616
53.63989550679137 3.6978552000000002
53.68025078369837 3.705156
53.72060606060537 3.712464
53.76096133751237 3.7197792
53.80131661441937 3.7271016
53.84167189132637 3.7344312
53.88202716823337 3.741768
53.92238244514037 3.749112
53.96273772204737 3.7564632
54.00309299895437 3.7638216
54.04344827586137 3.7711872
54.08380355276837 3.77856
54.12415882967537 3.78594
54.164514106582374 3.7933272000000002
54.204869383489374 3.8007216
54.245224660396374 3.8081232000000003
54.285579937303375 3.815532
54.325935214210375 3.8229480000000002
54.366290491117375 3.8303712
54.406645768024376 3.8378016
54.447001044931376 3.8452392
54.48735632183838 3.852684
54.52771159874538 3.860136
54.56806687565238 3.8675952
54.60842215255938 3.8750616
54.64877742946638 3.8825352
54.68913270637338 3.890016
54.72948798328038 3.897504
54.76984326018738 3.9049992000000002
54.81019853709438 3.9125016
54.85055381400138 3.9200112000000003
54.89090909090838 3.927528
54.93126436781538 3.935052
54.97161964472238 3.9425832
55.01197492162938 3.9501216
55.05233019853638 3.9576672
55.09268547544338 3.96522
55.13304075235038 3.9727799999999998
55.17339602925738 3.9803471999999998
55.21375130616438 3.9879216
55.25410658307138 3.9955032
55.294461859978384 4.003092
55.334817136885384 4.010688
55.375172413792384 4.0182912
55.415527690699385 4.0259016
55.455882967606385 4.0335192
55.496238244513385 4.041144
55.536593521420386 4.048776
55.576948798327386 4.0564152
55.61730407523439 4.0640616
55.65765935214139 4.0717152
55.69801462904839 4.079376
55.73836990595539 4.087044
55.77872518286239 4.0947192
55.81908045976939 4.1024016
55.85943573667639 4.1100912
55.89979101358339 4.117788
55.94014629049039 4.125492
55.98050156739739 4.1332032000000005
56.02085684430439 4.1409216
56.06121212121139 4.1486472
56.10156739811839 4.15638
56.14192267502539 4.1641200000000005
56.18227795193239 4.1718672
56.22263322883939 4.1796216
56.26298850574639 4.1873832
56.30334378265339 4.195152
56.34369905956039 4.202928
56.38405433646739 4.2107112
56.424409613374394 4.218501600000001
56.464764890281394 4.226299200000001
56.505120167188394 4.234104
56.545475444095395 4.241916000000001
56.585830721002395 4.249735200000001
56.626185997909396 4.257561600000001
56.666541274816396 4.2653952
56.706896551723396 4.273236000000001
56.7472518286304 4.281084000000001
56.7876071055374 4.288939200000001
56.8279623824444 4.2968016
56.8683176593514 4.3046712000000005
56.9086729362584 4.3125480000000005
56.9490282131654 4.320432
56.9893834900724 4.328323200000001
57.0297387669794 4.336221600000001
57.0700940438864 4.344127200000001
57.1104493207934 4.352040000000001
57.1508045977004 4.359960000000001
57.1911598746074 4.367887200000001
57.2315151515144 4.375821600000001
57.2718704284214 4.383763200000001
57.3122257053284 4.391712000000001
57.3525809822354 4.399668000000001
57.3929362591424 4.407631200000001
57.4332915360494 4.4156016000000005
57.4736468129564 4.423579200000001
57.5140020898634 4.431564000000001
57.554357366770404 4.4395560000000005
57.594712643677404 4.447555200000001
57.635067920584405 4.455561600000001
57.675423197491405 4.463575200000001
57.715778474398405 4.471596000000001
57.756133751305406 4.479624000000001
57.796489028212406 4.487659200000001
57.836844305119406 4.495701600000001
57.87719958202641 4.503751200000001
57.91755485893341 4.511808000000001
57.95791013584041 4.519872000000001
57.99826541274741 4.527943200000001
58.03862068965441 4.536021600000001
58.07897596656141 4.544107200000001
58.11933124346841 4.552200000000001
58.15968652037541 4.560300000000001
58.20004179728241 4.568407200000001
58.24039707418941 4.576521600000001
58.28075235109641 4.584643200000001
58.32110762800341 4.592772000000001
58.36146290491041 4.600908000000001
58.40181818181741 4.6090512000000015
58.44217345872441 4.617201600000001
58.48252873563141 4.625359200000001
58.52288401253841 4.633524000000001
58.56323928944541 4.641696000000001
58.60359456635241 4.649875200000001
58.64394984325941 4.658061600000001
58.684305120166414 4.666255200000001
58.724660397073414 4.674456000000001
58.765015673980415 4.682664000000001
58.805370950887415 4.690879200000001
58.845726227794415 4.699101600000001
58.886081504701416 4.707331200000001
58.926436781608416 4.715568000000001
58.966792058515416 4.7238120000000015
59.00714733542242 4.732063200000002
59.04750261232942 4.7403216000000015
59.08785788923642 4.748587200000001
59.12821316614342 4.756860000000001
59.16856844305042 4.7651400000000015
59.20892371995742 4.773427200000001
59.24927899686442 4.781721600000001
59.28963427377142 4.790023200000001
59.32998955067842 4.798332000000001
59.37034482758542 4.806648000000001
59.41070010449242 4.814971200000001
59.45105538139942 4.8233016000000015
59.49141065830642 4.8316392000000015
59.53176593521342 4.839984000000001
59.57212121212042 4.8483360000000015
59.61247648902742 4.856695200000002
59.65283176593442 4.8650616000000015
59.69318704284142 4.873435200000001
59.73354231974842 4.8818160000000015
59.773897596655424 4.8902040000000015
59.814252873562424 4.898599200000001
59.854608150469424 4.907001600000001
59.894963427376425 4.915411200000001
59.935318704283425 4.923828000000001
59.975673981190425 4.932252000000001
60.016029258097426 4.940683200000001
60.056384535004426 4.949121600000002
60.096739811911426 4.9575672000000015
60.13709508881843 4.966020000000001
60.17745036572543 4.974480000000002
60.21780564263243 4.982947200000002
60.25816091953943 4.991421600000002
60.29851619644643 4.999903200000001
60.33887147335343 5.0083920000000015
60.37922675026043 5.016888000000002
60.41958202716743 5.025391200000001
60.45993730407443 5.033901600000001
60.50029258098143 5.042419200000001
60.54064785788843 5.050944000000001
60.58100313479543 5.059476000000001
60.62135841170243 5.068015200000001
60.66171368860943 5.076561600000002
60.70206896551643 5.0851152000000015
60.74242424242343 5.093676000000001
60.78277951933043 5.1022440000000016
60.82313479623743 5.110819200000002
60.86349007314443 5.1194016000000016
60.903845350051434 5.127991200000001
60.944200626958434 5.1365880000000015
60.984555903865434 5.1451920000000015
61.024911180772435 5.153803200000001
61.065266457679435 5.162421600000001
61.105621734586435 5.171047200000001
61.145977011493436 5.179680000000001
61.186332288400436 5.188320000000001
61.22668756530744 5.196967200000001
61.26704284221444 5.2056216000000015
61.30739811912144 5.2142832000000015
61.34775339602844 5.222952000000001
61.38810867293544 5.2316280000000015
61.42846394984244 5.240311200000002
61.46881922674944 5.2490016000000015
61.50917450365644 5.257699200000001
61.54952978056344 5.266404000000001
61.58988505747044 5.2751160000000015
61.63024033437744 5.283835200000001
61.67059561128444 5.292561600000001
61.71095088819144 5.301295200000001
61.75130616509844 5.310036000000001
61.79166144200544 5.318784000000001
61.83201671891244 5.327539200000001
61.87237199581944 5.336301600000001
61.91272727272644 5.345071200000001
61.95308254963344 5.353848000000001
61.99343782654044 5.362632000000001
62.033793103447444 5.3714232000000015
62.074148380354444 5.380221600000001
62.114503657261444 5.389027200000001
62.154858934168445 5.397840000000001
62.195214211075445 5.406660000000001
62.235569487982445 5.415487200000001
62.275924764889446 5.424321600000001
62.316280041796446 5.433163200000001
62.35663531870345 5.442012000000001
62.39699059561045 5.450868000000001
62.43734587251745 5.459731200000001
62.47770114942445 5.468601600000001
62.51805642633145 5.477479200000001
62.55841170323845 5.486364000000001
62.59876698014545 5.495256000000001
62.63912225705245 5.504155200000001
62.67947753395945 5.513061600000001
62.71983281086645 5.521975200000001
62.76018808777345 5.530896000000001
62.80054336468045 5.539824000000001
62.84089864158745 5.548759200000001
62.88125391849445 5.557701600000001
62.92160919540145 5.566651200000001
62.96196447230845 5.575608000000001
63.00231974921545 5.5845720000000005
63.04267502612245 5.593543200000001
63.08303030302945 5.602521600000001
63.12338557993645 5.611507200000001
63.163740856843454 5.620500000000001
63.204096133750454 5.629500000000001
63.244451410657454 5.638507200000001
63.284806687564455 5.647521600000001
63.325161964471455 5.656543200000001
63.365517241378456 5.665572000000001
63.405872518285456 5.674608000000001
63.446227795192456 5.683651200000001
63.48658307209946 5.6927016
63.52693834900646 5.701759200000001
63.56729362591346 5.710824000000001
63.60764890282046 5.719896
63.64800417972746 5.728975200000001
63.68835945663446 5.738061600000001
63.72871473354146 5.747155200000001
63.76907001044846 5.7562560000000005
63.80942528735546 5.765364000000001
63.84978056426246 5.774479200000001
63.89013584116946 5.783601600000001
63.93049111807646 5.7927312
63.97084639498346 5.801868000000001
64.01120167189046 5.811012000000001
64.05155694879747 5.8201632000000005
64.09191222570448 5.8293216
64.13226750261148 5.8384872
64.17262277951849 5.84766
64.2129780564255 5.85684
64.2533333333325 5.8660272
64.29368861023951 5.875221600000001
64.33404388714652 5.8844232000000005
64.37439916405353 5.893632
64.41475444096054 5.9028480000000005
64.45510971786754 5.912071200000001
64.49546499477455 5.9213016000000005
64.53582027168156 5.9305392
64.57617554858857 5.939784
64.61653082549557 5.949036
64.65688610240258 5.9582952
64.69724137930959 5.9675616
64.7375966562166 5.9768352
64.7779519331236 5.986116
64.81830721003061 5.995404
64.85866248693762 6.0046992
64.89901776384463 6.0140016
64.93937304075163 6.0233112
64.97972831765864 6.032628
65.02008359456565 6.041952
65.06043887147266 6.0512832
65.10079414837966 6.0606216
65.14114942528667 6.0699672
65.18150470219368 6.07932
65.22185997910069 6.08868
65.26221525600769 6.0980472
65.3025705329147 6.1074215999999995
65.34292580982171 6.1168032
65.38328108672872 6.126192
65.42363636363572 6.135587999999999
65.46399164054273 6.1449912
65.50434691744974 6.1544016
65.54470219435674 6.1638192
65.58505747126375 6.1732439999999995
65.62541274817076 6.182676
65.66576802507777 6.1921152
65.70612330198477 6.2015616
65.74647857889178 6.211015199999999
65.78683385579879 6.220476
65.8271891327058 6.229944
65.8675444096128 6.2394191999999995
65.90789968651981 6.2489016
65.94825496342682 6.2583912
65.98861024033383 6.267888
66.02896551724083 6.277392
66.06932079414784 6.2869032
66.10967607105485 6.2964216
66.15003134796186 6.3059472
66.19038662486886 6.31548
66.23074190177587 6.32502
66.27109717868288 6.3345672
66.31145245558989 6.3441216
66.3518077324969 6.3536832
66.3921630094039 6.363252
66.43251828631091 6.372828
66.47287356321792 6.3824112
66.51322884012492 6.3920016
66.55358411703193 6.401599200000001
66.59393939393894 6.411204000000001
66.63429467084595 6.420816
66.67464994775295 6.430435200000001
66.71500522465996 6.440061600000001
66.75536050156697 6.449695200000001
66.79571577847398 6.459336
66.83607105538098 6.468984000000001
66.87642633228799 6.478639200000001
66.916781609195 6.488301600000001
66.957136886102 6.4979712
66.99749216300901 6.5076480000000005
67.03784743991602 6.517332000000001
67.07820271682303 6.5270232
67.11855799373004 6.536721600000001
67.15891327063704 6.546427200000001
67.19926854754405 6.556140000000001
67.23962382445106 6.565860000000001
67.27997910135807 6.575587200000001
67.32033437826507 6.585321600000001
67.36068965517208 6.595063200000001
67.40104493207909 6.604812000000001
67.4414002089861 6.614568000000001
67.4817554858931 6.624331200000001
67.52211076280011 6.634101600000001
67.56246603970712 6.643879200000001
67.60282131661413 6.653664000000001
67.64317659352113 6.663456000000001
67.68353187042814 6.673255200000001
67.72388714733515 6.683061600000001
67.76424242424216 6.692875200000001
67.80459770114916 6.702696000000001
67.84495297805617 6.712524000000001
67.88530825496318 6.722359200000001
67.92566353187019 6.732201600000002
67.96601880877719 6.7420512000000015
68.0063740856842 6.751908000000001
68.04672936259121 6.7617720000000014
68.08708463949822 6.7716432000000015
68.12743991640522 6.781521600000001
68.16779519331223 6.791407200000001
68.20815047021924 6.801300000000001
68.24850574712625 6.811200000000001
68.28886102403325 6.821107200000001
68.32921630094026 6.8310216000000015
68.36957157784727 6.840943200000002
68.40992685475427 6.850872000000002
68.45028213166128 6.860808000000001
68.49063740856829 6.870751200000002
68.5309926854753 6.880701600000002
68.5713479623823 6.890659200000002
68.61170323928931 6.900624000000001
68.65205851619632 6.910596000000002
68.69241379310333 6.920575200000002
68.73276907001033 6.930561600000002
68.77312434691734 6.940555200000001
68.81347962382435 6.9505560000000015
68.85383490073136 6.9605640000000015
68.89419017763836 6.970579200000001
68.93454545454537 6.980601600000002
68.97490073145238 6.990631200000002
69.01525600835939 7.000668000000002
69.0556112852664 7.010712000000002
69.0959665621734 7.020763200000002
69.13632183908041 7.030821600000002
69.17667711598742 7.040887200000002
69.21703239289442 7.050960000000002
69.25738766980143 7.061040000000002
69.29774294670844 7.071127200000002
69.33809822361545 7.081221600000002
69.37845350052245 7.0913232000000015
69.41880877742946 7.101432000000002
69.45916405433647 7.111548000000002
69.49951933124348 7.1216712000000015
69.53987460815048 7.131801600000002
69.58022988505749 7.141939200000002
69.6205851619645 7.152084000000002
69.6609404388715 7.162236000000002
69.70129571577851 7.172395200000002
69.74165099268552 7.182561600000002
69.78200626959253 7.192735200000002
69.82236154649954 7.202916000000002
69.86271682340654 7.213104000000002
69.90307210031355 7.223299200000002
69.94342737722056 7.233501600000002
69.98378265412757 7.243711200000002
70.02413793103457 7.253928000000002
70.06449320794158 7.264152000000002
70.10484848484859 7.274383200000002
70.1452037617556 7.284621600000002
70.1855590386626 7.294867200000002
70.22591431556961 7.305120000000002
70.26626959247662 7.315380000000002
70.30662486938363 7.325647200000002
70.34698014629063 7.3359216000000025
70.38733542319764 7.346203200000002
70.42769070010465 7.356492000000002
70.46804597701166 7.366788000000002
70.50840125391866 7.377091200000002
70.54875653082567 7.387401600000002
70.58911180773268 7.397719200000002
70.62946708463969 7.408044000000002
70.6698223615467 7.418376000000002
70.7101776384537 7.428715200000002
70.75053291536071 7.439061600000002
70.79088819226772 7.4494152000000025
70.83124346917472 7.459776000000002
70.87159874608173 7.470144000000002
70.91195402298874 7.4805192000000025
70.95230929989575 7.490901600000003
70.99266457680275 7.5012912000000025
71.03301985370976 7.511688000000002
71.07337513061677 7.522092000000002
71.11373040752378 7.5325032000000025
71.15408568443078 7.542921600000002
71.19444096133779 7.553347200000002
71.2347962382448 7.563780000000002
71.2751515151518 7.574220000000002
71.31550679205881 7.584667200000002
71.35586206896582 7.595121600000002
71.39621734587283 7.6055832000000025
71.43657262277983 7.6160520000000025
71.47692789968684 7.626528000000002
71.51728317659385 7.6370112000000026
71.55763845350086 7.647501600000003
71.59799373040786 7.657999200000003
71.63834900731487 7.668504000000002
71.67870428422188 7.6790160000000025
71.71905956112889 7.689535200000003
71.7594148380359 7.700061600000002
71.7997701149429 7.710595200000002
71.84012539184991 7.721136000000002
71.88048066875692 7.731684000000002
71.92083594566392 7.742239200000002
71.96119122257093 7.752801600000002
72.00154649947794 7.763371200000003
72.04190177638495 7.7739480000000025
72.08225705329195 7.784532000000002
72.12261233019896 7.795123200000003
72.16296760710597 7.805721600000003
72.20332288401298 7.816327200000003
72.24367816091998 7.826940000000002
72.28403343782699 7.8375600000000025
72.324388714734 7.848187200000003
72.364743991641 7.858821600000002
72.40509926854801 7.869463200000002
72.44545454545502 7.880112000000002
72.48580982236203 7.890768000000002
72.52616509926904 7.901431200000002
72.56652037617604 7.912101600000002
72.60687565308305 7.922779200000003
72.64723092999006 7.9334640000000025
72.68758620689707 7.944156000000002
72.72794148380407 7.954855200000003
72.76829676071108 7.965561600000003
72.80865203761809 7.976275200000003
72.8490073145251 7.986996000000002
72.8893625914321 7.9977240000000025
72.92971786833911 8.008459200000003
72.97007314524612 8.019201600000002
73.01042842215313 8.029951200000003
73.05078369906013 8.040708000000002
73.09113897596714 8.051472000000002
73.13149425287415 8.062243200000003
73.17184952978116 8.073021600000002
73.21220480668816 8.083807200000003
73.25256008359517 8.094600000000003
73.29291536050218 8.105400000000003
73.33327063740919 8.116207200000003
73.3736259143162 8.127021600000003
73.4139811912232 8.137843200000002
73.45433646813021 8.148672000000003
73.49469174503722 8.159508000000002
73.53504702194422 8.170351200000002
73.57540229885123 8.181201600000003
73.61575757575824 8.192059200000003
73.65611285266525 8.202924000000003
73.69646812957225 8.213796000000004
73.73682340647926 8.224675200000004
73.77717868338627 8.235561600000004
73.81753396029328 8.246455200000003
73.85788923720028 8.257356000000003
73.89824451410729 8.268264000000004
73.9385997910143 8.279179200000003
73.9789550679213 8.290101600000003
74.01931034482831 8.301031200000004
74.05966562173532 8.311968000000004
74.10002089864233 8.322912000000004
74.14037617554933 8.333863200000003
74.18073145245634 8.344821600000003
74.22108672936335 8.355787200000004
74.26144200627036 8.366760000000003
74.30179728317736 8.377740000000003
74.34215256008437 8.388727200000003
74.38250783699138 8.399721600000003
74.42286311389839 8.410723200000003
74.4632183908054 8.421732000000004
74.5035736677124 8.432748000000004
74.54392894461941 8.443771200000004
74.58428422152642 8.454801600000003
74.62463949843342 8.465839200000003
74.66499477534043 8.476884000000004
74.70535005224744 8.487936000000003
74.74570532915445 8.498995200000003
74.78606060606145 8.510061600000004
74.82641588296846 8.521135200000003
74.86677115987547 8.532216000000004
74.90712643678248 8.543304000000004
74.94748171368948 8.554399200000004
74.98783699059649 8.565501600000005
75.0281922675035 8.576611200000004
75.0685475444105 8.587728000000004
75.10890282131751 8.598852000000004
75.14925809822452 8.609983200000004
75.18961337513153 8.621121600000004
75.22996865203854 8.632267200000005
75.27032392894554 8.643420000000004
75.31067920585255 8.654580000000005
75.35103448275956 8.665747200000004
75.39138975966657 8.676921600000004
75.43174503657357 8.688103200000004
75.47210031348058 8.699292000000003
75.51245559038759 8.710488000000003
75.5528108672946 8.721691200000004
75.5931661442016 8.732901600000003
75.63352142110861 8.744119200000004
75.67387669801562 8.755344000000004
75.71423197492263 8.766576000000004
75.75458725182963 8.777815200000004
75.79494252873664 8.789061600000004
75.83529780564365 8.800315200000004
75.87565308255066 8.811576000000004
75.91600835945766 8.822844000000003
75.95636363636467 8.834119200000004
75.99671891327168 8.845401600000004
76.03707419017869 8.856691200000004
76.0774294670857 8.867988000000004
76.1177847439927 8.879292000000005
76.15814002089971 8.890603200000005
76.19849529780672 8.901921600000005
76.23885057471372 8.913247200000004
76.27920585162073 8.924580000000004
76.31956112852774 8.935920000000005
76.35991640543475 8.947267200000004
76.40027168234175 8.958621600000004
76.44062695924876 8.969983200000005
76.48098223615577 8.981352000000005
76.52133751306278 8.992728000000005
76.56169278996978 9.004111200000004
76.60204806687679 9.015501600000004
76.6424033437838 9.026899200000004
76.6827586206908 9.038304000000004
76.72311389759781 9.049716000000004
76.76346917450482 9.061135200000004
76.80382445141183 9.072561600000004
76.84417972831884 9.083995200000004
76.88453500522584 9.095436000000005
76.92489028213285 9.106884000000004
76.96524555903986 9.118339200000005
77.00560083594686 9.129801600000004
77.04595611285387 9.141271200000004
77.08631138976088 9.152748000000004
77.12666666666789 9.164232000000004
77.1670219435749 9.175723200000004
77.2073772204819 9.187221600000004
77.24773249738891 9.198727200000004
77.28808777429592 9.210240000000004
77.32844305120292 9.221760000000005
77.36879832810993 9.233287200000005
77.40915360501694 9.244821600000005
77.44950888192395 9.256363200000004
77.48986415883095 9.267912000000004
77.53021943573796 9.279468000000005
77.57057471264497 9.291031200000004
77.61092998955198 9.302601600000004
77.65128526645898 9.314179200000005
77.69164054336599 9.325764000000005
77.731995820273 9.337356000000005
77.77235109718 9.348955200000004
77.81270637408701 9.360561600000004
77.85306165099402 9.372175200000004
77.89341692790103 9.383796000000004
77.93377220480804 9.395424000000004
77.97412748171504 9.407059200000004
78.01448275862205 9.418701600000004
78.05483803552906 9.430351200000004
78.09519331243607 9.442008000000005
78.13554858934307 9.453672000000005
78.17590386625008 9.465343200000005
78.21625914315709 9.477021600000004
78.2566144200641 9.488707200000004
78.2969696969711 9.500400000000004
78.33732497387811 9.512100000000004
78.37768025078512 9.523807200000004
78.41803552769213 9.535521600000004
78.45839080459913 9.547243200000004
78.49874608150614 9.558972000000004
78.53910135841315 9.570708000000005
78.57945663532016 9.582451200000005
78.61981191222716 9.594201600000005
78.66016718913417 9.605959200000004
78.70052246604118 9.617724000000004
78.74087774294819 9.629496000000005
78.7812330198552 9.641275200000004
78.8215882967622 9.653061600000004
78.86194357366921 9.664855200000005
78.90229885057622 9.676656000000005
78.94265412748322 9.688464000000005
78.98300940439023 9.700279200000004
79.02336468129724 9.712101600000004
79.06371995820425 9.723931200000004
79.10407523511125 9.735768000000004
79.14443051201826 9.747612000000004
79.18478578892527 9.759463200000004
79.22514106583228 9.771321600000004
79.26549634273928 9.783187200000004
79.30585161964629 9.795060000000005
79.3462068965533 9.806940000000004
79.3865621734603 9.818827200000005
79.42691745036731 9.830721600000004
79.46727272727432 9.842623200000004
79.50762800418133 9.854532000000004
79.54798328108834 9.866448000000004
79.58833855799534 9.878371200000004
79.62869383490235 9.890301600000004
79.66904911180936 9.902239200000004
79.70940438871637 9.914184000000004
79.74975966562337 9.926136000000005
79.79011494253038 9.938095200000005
79.83047021943739 9.950061600000005
79.8708254963444 9.962035200000004
79.9111807732514 9.974016000000004
79.95153605015841 9.986004000000005
79.99189132706542 9.997999200000004
80.03224660397242 10.010001600000004
80.07260188087943 10.022011200000005
80.11295715778644 10.034028000000005
80.15331243469345 10.046052000000005
80.19366771160045 10.058083200000004
80.23402298850746 10.070121600000004
80.27437826541447 10.082167200000004
80.31473354232148 10.094220000000004
80.35508881922848 10.106280000000003
80.39544409613549 10.118347200000004
80.4357993730425 10.130421600000004
80.4761546499495 10.142503200000004
80.51650992685651 10.154592000000005
80.55686520376352 10.166688000000004
80.59722048067053 10.178791200000004
80.63757575757754 10.190901600000004
80.67793103448454 10.203019200000004
80.71828631139155 10.215144000000004
80.75864158829856 10.227276000000003
80.79899686520557 10.239415200000003
80.83935214211257 10.251561600000004
80.87970741901958 10.263715200000004
80.92006269592659 10.275876000000004
80.9604179728336 10.288044000000005
81.0007732497406 10.300219200000004
81.04112852664761 10.312401600000005
81.08148380355462 10.324591200000004
81.12183908046163 10.336788000000004
81.16219435736863 10.348992000000004
81.20254963427564 10.361203200000004
81.24290491118265 10.373421600000004
81.28326018808966 10.385647200000005
81.32361546499666 10.397880000000004
81.36397074190367 10.410120000000004
81.40432601881068 10.422367200000004
81.44468129571769 10.434621600000003
81.4850365726247 10.446883200000004
81.5253918495317 10.459152000000003
81.56574712643871 10.471428000000003
81.60610240334572 10.483711200000004
81.64645768025272 10.496001600000003
81.68681295715973 10.508299200000003
81.72716823406674 10.520604000000004
81.76752351097375 10.532916000000004
81.80787878788075 10.545235200000004
81.84823406478776 10.557561600000003
81.88858934169477 10.569895200000003
81.92894461860178 10.582236000000004
81.96929989550878 10.594584000000003
82.00965517241579 10.606939200000003
82.0500104493228 10.619301600000004
82.0903657262298 10.631671200000003
82.13072100313681 10.644048000000003
82.17107628004382 10.656432000000004
82.21143155695083 10.668823200000004
82.25178683385784 10.681221600000004
82.29214211076484 10.693627200000003
82.33249738767185 10.706040000000003
82.37285266457886 10.718460000000004
82.41320794148587 10.730887200000003
82.45356321839287 10.743321600000003
82.49391849529988 10.755763200000004
82.53427377220689 10.768212000000004
82.5746290491139 10.780668000000004
82.6149843260209 10.793131200000005
82.65533960292791 10.805601600000005
82.69569487983492 10.818079200000005
82.73605015674192 10.830564000000004
82.77640543364893 10.843056000000004
82.81676071055594 10.855555200000005
82.85711598746295 10.868061600000004
82.89747126436995 10.880575200000004
82.93782654127696 10.893096000000005
82.97818181818397 10.905624000000005
83.01853709509098 10.918159200000005
83.05889237199798 10.930701600000004
83.09924764890499 10.943251200000004
83.139602925812 10.955808000000005
83.179958202719 10.968372000000004
83.22031347962601 10.980943200000004
83.26066875653302 10.993521600000005
83.30102403344003 11.006107200000004
83.34137931034704 11.018700000000004
83.38173458725404 11.031300000000005
83.42208986416105 11.043907200000005
83.46244514106806 11.056521600000005
83.50280041797507 11.069143200000005
83.54315569488207 11.081772000000004
83.58351097178908 11.094408000000005
83.62386624869609 11.107051200000004
83.6642215256031 11.119701600000004
83.7045768025101 11.132359200000005
83.74493207941711 11.145024000000005
83.78528735632412 11.157696000000005
83.82564263323113 11.170375200000006
83.86599791013813 11.183061600000006
83.90635318704514 11.195755200000006
83.94670846395215 11.208456000000005
83.98706374085916 11.221164000000005
84.02741901776616 11.233879200000006
84.06777429467317 11.246601600000005
84.10812957158018 11.259331200000005
84.14848484848719 11.272068000000006
84.1888401253942 11.284812000000006
84.2291954023012 11.297563200000006
84.26955067920821 11.310321600000005
84.30990595611522 11.323087200000005
84.35026123302222 11.335860000000006
84.39061650992923 11.348640000000005
84.43097178683624 11.361427200000005
84.47132706374325 11.374221600000006
84.51168234065025 11.387023200000005
84.55203761755726 11.399832000000005
84.59239289446427 11.412648000000006
84.63274817137128 11.425471200000006
84.67310344827828 11.438301600000006
84.71345872518529 11.451139200000005
84.7538140020923 11.463984000000005
84.7941692789993 11.476836000000006
84.83452455590631 11.489695200000005
84.87487983281332 11.502561600000005
84.91523510972033 11.515435200000006
84.95559038662734 11.528316000000006
84.99594566353434 11.541204000000006
85.03630094044135 11.554099200000005
85.07665621734836 11.567001600000005
85.11701149425537 11.579911200000005
85.15736677116237 11.592828000000004
85.19772204806938 11.605752000000004
85.23807732497639 11.618683200000005
85.2784326018834 11.631621600000004
85.3187878787904 11.644567200000004
85.35914315569741 11.657520000000005
85.39949843260442 11.670480000000005
85.43985370951142 11.683447200000005
85.48020898641843 11.696421600000004
85.52056426332544 11.709403200000004
85.56091954023245 11.722392000000005
85.60127481713945 11.735388000000004
85.64163009404646 11.748391200000004
85.68198537095347 11.761401600000005
85.72234064786048 11.774419200000004
85.76269592476748 11.787444000000004
85.80305120167449 11.800476000000005
85.8434064785815 11.813515200000005
85.88376175548851 11.826561600000005
85.92411703239551 11.839615200000004
85.96447230930252 11.852676000000004
86.00482758620953 11.865744000000005
86.04518286311654 11.878819200000004
86.08553814002354 11.891901600000004
86.12589341693055 11.904991200000005
86.16624869383756 11.918088000000004
86.20660397074457 11.931192000000005
86.24695924765157 11.944303200000004
86.28731452455858 11.957421600000004
86.32766980146559 11.970547200000004
86.3680250783726 11.983680000000003
86.4083803552796 11.996820000000003
86.44873563218661 12.009967200000004
86.48909090909362 12.023121600000003
86.52944618600063 12.036283200000003
86.56980146290763 12.049452000000004
86.61015673981464 12.062628000000004
86.65051201672165 12.075811200000004
86.69086729362866 12.089001600000003
86.73122257053566 12.102199200000003
86.77157784744267 12.115404000000003
86.81193312434968 12.128616000000003
86.85228840125669 12.141835200000003
86.8926436781637 12.155061600000003
86.9329989550707 12.168295200000003
86.97335423197771 12.181536000000003
87.01370950888472 12.194784000000004
87.05406478579172 12.208039200000004
87.09442006269873 12.221301600000004
87.13477533960574 12.234571200000003
87.17513061651275 12.247848000000003
87.21548589341975 12.261132000000003
87.25584117032676 12.274423200000003
87.29619644723377 12.287721600000003
87.33655172414078 12.301027200000004
87.37690700104778 12.314340000000003
87.41726227795479 12.327660000000003
87.4576175548618 12.340987200000004
87.4979728317688 12.354321600000004
87.53832810867581 12.367663200000004
87.57868338558282 12.381012000000004
87.61903866248983 12.394368000000004
87.65939393939684 12.407731200000004
87.69974921630384 12.421101600000004
87.74010449321085 12.434479200000004
87.78045977011786 12.447864000000004
87.82081504702487 12.461256000000004
87.86117032393187 12.474655200000004
87.90152560083888 12.488061600000004
87.94188087774589 12.501475200000003
87.9822361546529 12.514896000000004
88.0225914315599 12.528324000000003
88.06294670846691 12.541759200000003
88.10330198537392 12.555201600000004
88.14365726228093 12.568651200000003
88.18401253918793 12.582108000000003
88.22436781609494 12.595572000000004
88.26472309300195 12.609043200000004
88.30507836990895 12.622521600000004
88.34543364681596 12.636007200000003
88.38578892372297 12.649500000000003
88.42614420062998 12.663000000000004
88.46649947753698 12.676507200000003
88.50685475444399 12.690021600000003
88.547210031351 12.703543200000004
88.58756530825801 12.717072000000003
88.62792058516501 12.730608000000004
88.66827586207202 12.744151200000005
88.70863113897903 12.757701600000004
88.74898641588604 12.771259200000005
88.78934169279304 12.784824000000004
88.82969696970005 12.798396000000004
88.87005224660706 12.811975200000004
88.91040752351407 12.825561600000004
88.95076280042107 12.839155200000004
88.99111807732808 12.852756000000005
89.03147335423509 12.866364000000004
89.0718286311421 12.879979200000005
89.1121839080491 12.893601600000004
89.15253918495611 12.907231200000004
89.19289446186312 12.920868000000004
89.23324973877013 12.934512000000003
89.27360501567713 12.948163200000003
89.31396029258414 12.961821600000004
89.35431556949115 12.975487200000003
89.39467084639816 12.989160000000004
89.43502612330516 13.002840000000004
89.47538140021217 13.016527200000004
89.51573667711918 13.030221600000004
89.55609195402619 13.043923200000004
89.5964472309332 13.057632000000003
89.6368025078402 13.071348000000004
89.67715778474721 13.085071200000003
89.71751306165422 13.098801600000003
89.75786833856122 13.112539200000004
89.79822361546823 13.126284000000004
89.83857889237524 13.140036000000004
89.87893416928225 13.153795200000005
89.91928944618925 13.167561600000004
89.95964472309626 13.181335200000005
90.00000000000327 13.195116000000004
