0 0.0
1 0.44710347056388855
2 0.6605135202407837
3 0.5479142069816589
4 0.5155659914016724
5 0.6053742170333862
6 0.6595280170440674
7 0.8947863578796387
8 0.5639134645462036
9 0.6451574563980103
10 0.5879008769989014
11 0.6644741296768188
12 0.5809324979782104
13 0.5165109038352966
14 0.48109352588653564
15 0.47329604625701904
16 0.40760111808776855
17 0.7457195520401001
18 0.6089633107185364
19 0.751254141330719
20 0.6102779507637024
21 0.6253386735916138
22 0.5863083600997925
23 0.5149683952331543
24 0.727676272392273
25 0.7665764689445496
26 0.7092660665512085
27 0.8883155584335327
28 0.6956873536109924
29 0.622895359992981
30 0.7964614033699036
31 0.6989380717277527
32 0.6576560735702515
33 0.8009310960769653
34 0.815178394317627
35 0.8359310030937195
36 1.0511764287948608
37 0.8440628051757813
38 0.5208702683448792
39 0.39165806770324707
40 0.6551001071929932
41 0.5904272198677063
42 0.7410520315170288
43 0.7673777937889099
44 0.6419271230697632
45 0.654216468334198
46 0.7713629007339478
47 0.502394437789917
48 0.7570270299911499
49 0.8918880820274353
50 0.92050701379776
51 0.7472612261772156
52 0.8808982968330383
53 0.7337930798530579
54 0.543951690196991
55 1.147058129310608
56 0.511493980884552
57 0.6290876269340515
58 0.87968909740448
59 0.5351867079734802
60 0.5097762942314148
61 0.4789600372314453
62 0.7917824983596802
63 0.6957080364227295
64 0.5091245174407959
65 0.6531044840812683
66 0.8021073937416077
67 0.5794041156768799
68 0.9076125025749207
69 0.600227415561676
70 0.5570903420448303
71 0.7009285688400269
72 0.6578877568244934
73 0.8760806918144226
74 0.6432894468307495
75 0.4807914197444916
76 0.92315673828125
77 0.4897416830062866
78 0.49720707535743713
79 0.7806031107902527
80 0.8689475655555725
81 0.8996565937995911
82 0.6951438188552856
83 0.6549525856971741
84 0.8643829822540283
85 1.0155386924743652
86 0.7797510623931885
87 0.8349117040634155
88 0.6831005811691284
89 0.49148067831993103
90 0.8679242730140686
91 0.8026512265205383
92 0.6273103356361389
93 0.7706714272499084
94 0.671465277671814
95 0.6005610227584839
96 0.6862136125564575
97 0.6754062175750732
98 1.0663373470306396
99 0.9672597050666809
100 0.7733346819877625
101 0.6732025742530823
102 0.8837307691574097
103 0.9515770673751831
104 0.8094413876533508
105 0.9169725775718689
106 0.7338401079177856
107 0.7626745104789734
108 0.5172446370124817
109 0.7076456546783447
110 0.508346438407898
111 0.7435597777366638
112 0.7899059653282166
113 0.7450379729270935
114 0.6890856027603149
115 0.5347613096237183
116 0.5976648330688477
117 1.0925989151000977
118 0.9959688186645508
119 0.7933443188667297
120 2.0155887603759766
121 1.0651071071624756
122 1.586230754852295
123 1.4793663024902344
124 1.1853625774383545
125 0.4811362624168396
126 0.7080743312835693
127 0.6016371250152588
128 0.7344362735748291
129 0.5149938464164734
130 0.5355564951896667
131 0.5646187663078308
132 0.5201599597930908
133 1.1591066122055054
134 0.5522202849388123
135 0.8882527947425842
136 0.7201359868049622
137 0.7972973585128784
138 0.5875909924507141
139 0.5589663982391357
140 0.7229982614517212
141 0.6016831398010254
142 0.8749623894691467
143 0.6507789492607117
144 0.5538949966430664
145 0.6034738421440125
146 0.8052218556404114
147 0.6158755421638489
148 0.4502091407775879
149 0.775602400302887
150 0.8161158561706543
151 0.5730019211769104
152 0.6286683082580566
153 0.6879730224609375
154 0.776913583278656
155 0.4958816468715668
156 0.9160823225975037
157 0.692425549030304
158 0.5057496428489685
159 0.6070994138717651
160 0.7299351692199707
161 0.7434763312339783
162 0.8690199255943298
163 0.7819191217422485
164 0.7987269163131714
165 0.628319501876831
166 0.7126922607421875
167 0.534100353717804
168 1.0219910144805908
169 0.8800422549247742
170 0.7726654410362244
171 0.6083744764328003
172 0.462444931268692
173 0.9120153188705444
174 0.7451162934303284
175 0.7894406914710999
176 0.88090980052948
177 0.7555498480796814
178 1.2546157836914063
179 0.628873884677887
180 0.8603073954582214
181 0.6290064454078674
182 0.6768028736114502
183 0.6025336384773254
184 0.7626598477363586
185 0.8404390811920166
186 0.6491608619689941
187 0.5903639197349548
188 0.6385733485221863
189 0.9801715612411499
190 0.7502703070640564
191 0.8495717644691467
192 0.876139223575592
193 0.7525161504745483
194 0.6373812556266785
195 0.7753083109855652
196 0.7234684824943542
197 0.9455454349517822
198 0.7382060885429382
199 0.77463299036026
200 0.7551934123039246
201 0.62937331199646
202 1.1705435514450073
203 0.8081876039505005
204 0.6620094776153564
205 0.732276976108551
206 0.7858374714851379
207 0.5350244641304016
208 0.9800711274147034
209 1.2409471273422241
210 1.2022842168807983
211 0.8372834324836731
212 0.6400956511497498
213 0.7250463366508484
214 0.5660417079925537
215 0.9147962927818298
216 0.9010666608810425
217 0.7798162698745728
218 0.7882048487663269
219 0.6482408046722412
220 0.8393884897232056
221 0.8172248005867004
222 0.6519800424575806
223 1.1928303241729736
224 0.6394681334495544
225 0.8405547738075256
226 0.699297308921814
227 0.7908542156219482
228 0.4867602586746216
229 0.8487063646316528
230 0.9064394235610962
231 1.0474852323532104
232 0.8822786211967468
233 0.8838902711868286
234 1.1563948392868042
235 1.0393714904785156
236 0.7280585169792175
237 0.8188827037811279
238 1.0866578817367554
239 0.9592916369438171
240 0.7292523384094238
241 1.2150068283081055
242 1.0890872478485107
243 0.8038236498832703
244 0.9850624203681946
245 1.070663571357727
246 1.0084021091461182
247 0.837303638458252
248 1.3387994766235352
249 0.8277812600135803
250 0.7740954756736755
251 1.074554204940796
252 0.9595610499382019
253 1.1150420904159546
254 0.6779862642288208
255 1.2750121355056763
256 0.9153918623924255
257 0.7780336737632751
258 0.6669721603393555
259 0.9143203496932983
260 1.3757457733154297
261 1.150661587715149
262 1.2854914665222168
263 1.1679253578186035
264 0.9279071688652039
265 0.7777667045593262
266 0.8318738341331482
267 1.0424902439117432
268 1.1787664890289307
269 0.6932721734046936
270 1.1955525875091553
271 0.6874741911888123
272 0.858919084072113
273 0.774433970451355
274 0.7981661558151245
275 0.7973359823226929
276 1.0112621784210205
277 1.100501537322998
278 0.9094550013542175
279 0.790671706199646
280 0.6352739334106445
281 1.1167374849319458
282 1.2192007303237915
283 1.1540327072143555
284 1.1373018026351929
285 0.9066989421844482
286 0.8066152334213257
287 1.755016803741455
288 1.2125412225723267
289 1.0707427263259888
290 0.8750696778297424
291 0.8866900205612183
292 0.9124082326889038
293 1.2535260915756226
294 1.109400749206543
295 0.8613548278808594
296 1.1461124420166016
297 1.1998697519302368
298 1.5858728885650635
299 1.3482674360275269
300 1.639068841934204
301 1.6148601770401
302 0.7034943103790283
303 0.7006591558456421
304 0.5236456990242004
305 1.154333233833313
306 0.4187091290950775
307 0.6958377361297607
308 0.8465127348899841
309 0.8345434665679932
310 0.7492745518684387
311 0.8144358992576599
312 0.8948624134063721
313 1.0184074640274048
314 0.752693772315979
315 1.0122066736221313
316 1.0840426683425903
317 0.8124894499778748
318 0.6699028015136719
319 0.7860729694366455
320 1.1384689807891846
321 0.9155094027519226
322 0.9194328784942627
323 0.967158854007721
324 0.9288716316223145
325 0.9673144221305847
326 0.9801514148712158
327 0.7522528171539307
328 1.3553297519683838
329 1.1213852167129517
330 0.8750139474868774
331 0.8632270693778992
332 0.9570618271827698
333 1.0767203569412231
334 0.8863692879676819
335 0.7723609805107117
336 0.7721718549728394
337 0.7455955147743225
338 0.9691818356513977
339 0.9525632858276367
340 0.8082240223884583
341 0.6438979506492615
342 1.4496707916259766
343 1.0113204717636108
344 0.5535813570022583
345 0.9700783491134644
346 0.9166508316993713
347 1.1640688180923462
348 1.2756800651550293
349 1.1584384441375732
350 1.4054982662200928
351 0.9577823877334595
352 0.9874413013458252
353 0.8349171280860901
354 1.0264393091201782
355 0.7488241791725159
356 0.9313198328018188
357 0.937761664390564
358 0.9996107220649719
359 0.6718706488609314
360 1.1926499605178833
361 0.7430145740509033
362 0.8430217504501343
363 0.7897297143936157
364 1.1797232627868652
365 0.7153410911560059
366 1.0004785060882568
367 0.6982722282409668
368 0.9383739233016968
369 0.8376955389976501
370 0.7538185119628906
371 1.11357843875885
372 0.8885414600372314
373 1.1744534969329834
374 0.7930962443351746
375 1.1868445873260498
376 0.5807960629463196
377 1.109352469444275
378 0.8960237503051758
379 0.9608866572380066
380 0.765852689743042
381 0.7213394045829773
382 1.0698318481445313
383 0.7044445872306824
384 0.8084788918495178
385 0.7510929107666016
386 0.8597937822341919
387 1.0286847352981567
388 0.7073169946670532
389 1.1728324890136719
390 0.8502878546714783
391 0.7629596590995789
392 0.9762489795684814
393 0.776884913444519
394 0.695129930973053
395 0.7098528742790222
396 0.7865957617759705
397 0.9550580382347107
398 0.6250508427619934
399 0.727483332157135
400 0.9628883004188538
401 0.9011062383651733
402 0.5575239062309265
403 0.8473973274230957
404 0.6368682980537415
405 0.7652292251586914
406 0.6971504092216492
407 0.8300773501396179
408 0.8107448816299438
409 1.0112757682800293
410 0.930350661277771
411 0.5877648591995239
412 0.8337615132331848
413 0.9821571707725525
414 0.7500319480895996
415 0.8413063883781433
416 0.6853934526443481
417 0.5169785618782043
418 0.5539665222167969
419 1.2106956243515015
420 0.44812601804733276
421 0.5563629269599915
422 0.6467512249946594
423 0.6455191969871521
424 0.46390146017074585
425 0.7226279377937317
426 0.5570936799049377
427 0.5755434036254883
428 0.8069690465927124
429 1.0008392333984375
430 0.7433202862739563
431 0.7733246684074402
432 0.846386194229126
433 0.5991385579109192
434 0.6252497434616089
435 0.7125749588012695
436 0.8964887857437134
437 1.101035237312317
438 0.7957858443260193
439 1.2181743383407593
440 1.483074426651001
441 1.1162232160568237
442 0.6606374979019165
443 0.9111342430114746
444 0.9115375280380249
445 0.8530398607254028
446 0.8893263936042786
447 0.8764934539794922
448 0.6803041696548462
449 0.8493931293487549
450 0.8967640399932861
451 0.7359550595283508
452 0.8758767247200012
453 0.6635412573814392
454 0.5822991132736206
455 0.6555341482162476
456 1.1529380083084106
457 0.757860541343689
458 1.0681326389312744
459 0.9480147957801819
460 0.8582184314727783
461 0.9154637455940247
462 0.7617380023002625
463 0.5226543545722961
464 0.9948875308036804
465 1.1745457649230957
466 0.9120876789093018
467 0.7443265318870544
468 0.6100064516067505
469 0.7824247479438782
470 0.8168815970420837
471 0.9418209195137024
472 0.8175066113471985
473 0.7938709259033203
474 0.8331562876701355
475 1.6007442474365234
476 2.2403981685638428
477 2.2257537841796875
478 2.4371001720428467
479 2.639542579650879
480 2.3111257553100586
481 1.7065445184707642
482 2.430877447128296
483 1.9557033777236938
484 2.3199117183685303
485 1.971285104751587
486 1.816093921661377
487 1.7749226093292236
488 2.3234362602233887
489 1.7824913263320923
490 2.2256510257720947
491 2.1512348651885986
492 1.9839874505996704
493 1.6953377723693848
494 2.0069832801818848
495 1.9386709928512573
496 1.897400140762329
497 1.773363709449768
498 1.689867377281189
499 1.8666239976882935
500 1.7422808408737183
