# VMD Timeline data file
# CREATOR= annie
# MOL_NAME= mod2_50ns.gro
# DATA_TITLE= inter-sel. contacts
# FILE_VERSION= 1.4
# NUM_FRAMES= 501 
# NUM_ITEMS= 16
# FREE_SELECTION= 1
#
freeSelLabel VAL 84==resname UNK
freeSelString (same residue as index 1220) or (resname UNK)
0 10
1 14
2 11
3 17
4 14
5 14
6 17
7 14
8 17
9 16
10 19
11 19
12 9
13 18
14 11
15 13
16 16
17 8
18 19
19 13
20 13
21 16
22 21
23 9
24 4
25 13
26 19
27 15
28 19
29 8
30 9
31 14
32 12
33 13
34 18
35 20
36 17
37 18
38 18
39 19
40 16
41 15
42 13
43 19
44 11
45 9
46 13
47 18
48 25
49 13
50 11
51 20
52 19
53 22
54 10
55 18
56 18
57 25
58 30
59 14
60 11
61 12
62 13
63 17
64 20
65 16
66 20
67 12
68 19
69 22
70 17
71 19
72 15
73 12
74 2
75 16
76 16
77 11
78 15
79 17
80 17
81 6
82 17
83 14
84 17
85 7
86 18
87 10
88 14
89 17
90 10
91 17
92 12
93 12
94 10
95 11
96 24
97 20
98 15
99 10
100 13
101 13
102 13
103 12
104 20
105 6
106 12
107 19
108 19
109 13
110 15
111 11
112 14
113 14
114 17
115 14
116 14
117 20
118 17
119 8
120 10
121 19
122 22
123 15
124 15
125 15
126 13
127 13
128 17
129 16
130 16
131 14
132 13
133 15
134 3
135 17
136 19
137 14
138 14
139 13
140 19
141 18
142 6
143 16
144 15
145 5
146 17
147 20
148 12
149 19
150 6
151 15
152 13
153 13
154 11
155 11
156 14
157 9
158 7
159 10
160 7
161 13
162 8
163 15
164 12
165 6
166 16
167 18
168 17
169 4
170 22
171 15
172 17
173 8
174 14
175 9
176 13
177 16
178 3
179 14
180 12
181 17
182 1
183 9
184 16
185 12
186 7
187 21
188 13
189 11
190 12
191 8
192 7
193 14
194 16
195 13
196 4
197 14
198 10
199 16
200 10
201 13
202 7
203 16
204 16
205 17
206 14
207 3
208 13
209 14
210 9
211 16
212 6
213 4
214 8
215 15
216 12
217 15
218 10
219 10
220 19
221 7
222 14
223 21
224 11
225 22
226 13
227 13
228 9
229 16
230 16
231 11
232 11
233 13
234 19
235 18
236 14
237 6
238 8
239 13
240 12
241 14
242 13
243 17
244 18
245 12
246 17
247 13
248 17
249 21
250 24
251 18
252 6
253 20
254 23
255 12
256 12
257 21
258 15
259 8
260 16
261 14
262 10
263 6
264 11
265 19
266 14
267 13
268 14
269 13
270 9
271 11
272 15
273 16
274 14
275 11
276 19
277 11
278 12
279 17
280 12
281 13
282 16
283 19
284 14
285 18
286 4
287 11
288 13
289 13
290 6
291 4
292 10
293 14
294 12
295 10
296 4
297 8
298 10
299 15
300 2
301 9
302 22
303 15
304 10
305 12
306 12
307 13
308 13
309 10
310 16
311 8
312 3
313 11
314 16
315 12
316 10
317 15
318 12
319 11
320 17
321 12
322 23
323 19
324 10
325 11
326 20
327 13
328 9
329 14
330 17
331 19
332 18
333 13
334 12
335 14
336 14
337 15
338 16
339 4
340 15
341 9
342 5
343 7
344 11
345 21
346 19
347 2
348 9
349 6
350 21
351 16
352 19
353 18
354 16
355 14
356 15
357 21
358 2
359 20
360 12
361 19
362 16
363 15
364 2
365 18
366 3
367 11
368 4
369 15
370 13
371 17
372 16
373 14
374 12
375 14
376 15
377 16
378 15
379 12
380 15
381 10
382 12
383 13
384 16
385 12
386 8
387 12
388 10
389 5
390 11
391 6
392 8
393 9
394 10
395 9
396 11
397 9
398 9
399 9
400 14
401 9
402 7
403 7
404 9
405 12
406 6
407 9
408 10
409 1
410 5
411 3
412 11
413 2
414 17
415 21
416 13
417 12
418 17
419 10
420 16
421 22
422 24
423 16
424 14
425 18
426 20
427 24
428 22
429 25
430 5
431 28
432 21
433 27
434 12
435 24
436 21
437 18
438 26
439 30
440 12
441 12
442 25
443 14
444 26
445 19
446 18
447 17
448 16
449 21
450 25
451 7
452 18
453 20
454 22
455 21
456 18
457 19
458 19
459 18
460 22
461 20
462 15
463 13
464 12
465 25
466 26
467 22
468 16
469 18
470 26
471 16
472 25
473 13
474 15
475 21
476 20
477 13
478 12
479 7
480 8
481 9
482 17
483 23
484 20
485 19
486 18
487 19
488 21
489 16
490 18
491 12
492 19
493 17
494 15
495 25
496 28
497 22
498 13
499 12
500 23
freeSelLabel LEU 85==resname UNK
freeSelString (same residue as index 1236) or (resname UNK)
0 30
1 35
2 27
3 39
4 20
5 29
6 15
7 24
8 31
9 37
10 28
11 33
12 36
13 38
14 39
15 28
16 29
17 21
18 30
19 28
20 21
21 41
22 23
23 17
24 32
25 28
26 19
27 42
28 27
29 17
30 26
31 33
32 28
33 28
34 15
35 31
36 11
37 26
38 33
39 22
40 19
41 9
42 26
43 33
44 25
45 38
46 25
47 24
48 35
49 31
50 28
51 29
52 22
53 18
54 36
55 31
56 28
57 22
58 27
59 35
60 35
61 21
62 30
63 22
64 24
65 7
66 31
67 28
68 40
69 29
70 19
71 31
72 29
73 23
74 25
75 30
76 40
77 12
78 33
79 23
80 20
81 33
82 13
83 10
84 16
85 17
86 20
87 29
88 27
89 32
90 23
91 18
92 22
93 18
94 11
95 21
96 43
97 27
98 29
99 27
100 28
101 37
102 30
103 25
104 28
105 19
106 26
107 19
108 17
109 32
110 35
111 34
112 28
113 36
114 10
115 43
116 23
117 31
118 37
119 34
120 31
121 33
122 26
123 21
124 29
125 26
126 24
127 23
128 23
129 26
130 28
131 17
132 21
133 30
134 27
135 24
136 34
137 17
138 23
139 31
140 23
141 29
142 30
143 31
144 20
145 18
146 32
147 31
148 23
149 22
150 16
151 19
152 32
153 17
154 32
155 40
156 26
157 35
158 31
159 30
160 45
161 24
162 28
163 27
164 36
165 28
166 30
167 23
168 15
169 33
170 39
171 18
172 23
173 10
174 39
175 24
176 30
177 29
178 29
179 30
180 36
181 28
182 32
183 26
184 25
185 24
186 28
187 21
188 29
189 14
190 31
191 12
192 26
193 15
194 29
195 28
196 19
197 34
198 38
199 30
200 29
201 29
202 27
203 16
204 28
205 15
206 15
207 15
208 24
209 25
210 25
211 33
212 27
213 25
214 16
215 28
216 25
217 32
218 19
219 25
220 28
221 26
222 30
223 21
224 15
225 34
226 20
227 18
228 18
229 11
230 15
231 20
232 15
233 25
234 24
235 36
236 28
237 23
238 32
239 25
240 25
241 16
242 24
243 19
244 34
245 16
246 18
247 21
248 19
249 21
250 26
251 43
252 15
253 30
254 17
255 18
256 25
257 33
258 21
259 31
260 31
261 23
262 22
263 24
264 32
265 26
266 36
267 19
268 30
269 29
270 17
271 30
272 15
273 6
274 20
275 19
276 22
277 31
278 21
279 19
280 23
281 26
282 22
283 35
284 24
285 23
286 9
287 20
288 24
289 26
290 27
291 14
292 23
293 38
294 35
295 22
296 27
297 23
298 31
299 20
300 28
301 23
302 31
303 29
304 31
305 23
306 22
307 31
308 29
309 29
310 17
311 33
312 22
313 25
314 22
315 29
316 20
317 31
318 21
319 33
320 29
321 39
322 26
323 38
324 29
325 27
326 35
327 39
328 23
329 21
330 26
331 32
332 34
333 19
334 24
335 26
336 33
337 24
338 22
339 40
340 14
341 25
342 31
343 20
344 26
345 34
346 33
347 26
348 25
349 27
350 20
351 9
352 35
353 15
354 29
355 27
356 36
357 20
358 28
359 28
360 25
361 20
362 28
363 27
364 31
365 29
366 22
367 39
368 20
369 30
370 18
371 29
372 32
373 24
374 19
375 33
376 22
377 26
378 15
379 12
380 29
381 15
382 35
383 27
384 24
385 17
386 31
387 12
388 29
389 17
390 25
391 11
392 14
393 19
394 10
395 14
396 17
397 15
398 18
399 15
400 19
401 11
402 29
403 21
404 37
405 22
406 23
407 27
408 26
409 16
410 22
411 30
412 21
413 21
414 29
415 36
416 27
417 35
418 16
419 22
420 26
421 15
422 19
423 30
424 29
425 28
426 13
427 29
428 29
429 40
430 34
431 26
432 33
433 28
434 17
435 33
436 24
437 26
438 33
439 36
440 23
441 19
442 36
443 27
444 23
445 14
446 18
447 14
448 36
449 40
450 16
451 26
452 34
453 33
454 27
455 27
456 28
457 31
458 19
459 22
460 18
461 35
462 26
463 29
464 32
465 36
466 28
467 25
468 22
469 17
470 32
471 33
472 34
473 26
474 28
475 35
476 24
477 26
478 39
479 29
480 30
481 38
482 41
483 23
484 33
485 4
486 31
487 34
488 22
489 21
490 27
491 16
492 35
493 38
494 37
495 34
496 21
497 31
498 31
499 29
500 34
freeSelLabel THR 88==resname UNK
freeSelString (same residue as index 1290) or (resname UNK)
0 22
1 33
2 34
3 39
4 45
5 31
6 38
7 41
8 35
9 34
10 39
11 32
12 29
13 35
14 28
15 35
16 44
17 39
18 34
19 39
20 40
21 34
22 32
23 32
24 23
25 33
26 39
27 32
28 31
29 35
30 30
31 40
32 29
33 38
34 38
35 36
36 46
37 43
38 33
39 29
40 39
41 36
42 37
43 40
44 28
45 42
46 32
47 50
48 36
49 37
50 31
51 39
52 34
53 32
54 34
55 26
56 33
57 30
58 35
59 29
60 22
61 36
62 31
63 50
64 30
65 32
66 28
67 30
68 36
69 35
70 35
71 31
72 38
73 31
74 26
75 35
76 36
77 38
78 29
79 33
80 35
81 32
82 40
83 37
84 33
85 47
86 39
87 37
88 37
89 24
90 31
91 31
92 24
93 25
94 40
95 32
96 32
97 42
98 35
99 27
100 37
101 32
102 25
103 31
104 36
105 31
106 46
107 37
108 31
109 38
110 33
111 42
112 39
113 38
114 38
115 28
116 41
117 45
118 32
119 30
120 36
121 27
122 39
123 38
124 33
125 37
126 38
127 45
128 48
129 41
130 35
131 28
132 41
133 29
134 39
135 31
136 31
137 39
138 26
139 29
140 37
141 38
142 22
143 22
144 27
145 21
146 42
147 28
148 39
149 30
150 36
151 36
152 27
153 31
154 36
155 38
156 40
157 30
158 28
159 38
160 34
161 40
162 38
163 34
164 39
165 27
166 31
167 27
168 34
169 31
170 27
171 35
172 23
173 37
174 22
175 27
176 37
177 34
178 23
179 50
180 31
181 32
182 37
183 32
184 37
185 27
186 28
187 29
188 24
189 31
190 39
191 27
192 34
193 38
194 35
195 35
196 49
197 27
198 47
199 36
200 28
201 36
202 35
203 34
204 36
205 36
206 32
207 26
208 38
209 31
210 29
211 42
212 42
213 31
214 30
215 37
216 25
217 34
218 31
219 26
220 30
221 16
222 47
223 39
224 36
225 33
226 36
227 26
228 30
229 23
230 26
231 43
232 42
233 30
234 25
235 43
236 25
237 24
238 28
239 28
240 43
241 39
242 28
243 29
244 30
245 32
246 34
247 34
248 51
249 40
250 39
251 32
252 34
253 30
254 34
255 33
256 25
257 25
258 34
259 32
260 31
261 27
262 24
263 27
264 31
265 35
266 29
267 35
268 35
269 38
270 35
271 29
272 29
273 27
274 36
275 44
276 42
277 25
278 24
279 27
280 37
281 32
282 37
283 25
284 26
285 31
286 31
287 29
288 27
289 41
290 33
291 37
292 35
293 22
294 27
295 34
296 37
297 31
298 39
299 38
300 40
301 37
302 37
303 31
304 22
305 41
306 30
307 28
308 40
309 34
310 14
311 29
312 33
313 37
314 26
315 26
316 34
317 30
318 20
319 27
320 35
321 33
322 28
323 35
324 28
325 43
326 39
327 32
328 26
329 31
330 34
331 32
332 31
333 31
334 32
335 30
336 20
337 35
338 45
339 30
340 43
341 32
342 29
343 33
344 44
345 26
346 30
347 37
348 31
349 33
350 34
351 33
352 29
353 32
354 40
355 23
356 38
357 37
358 30
359 28
360 36
361 37
362 38
363 35
364 40
365 34
366 22
367 30
368 34
369 31
370 43
371 36
372 37
373 28
374 28
375 30
376 35
377 38
378 33
379 33
380 38
381 47
382 36
383 32
384 37
385 26
386 41
387 27
388 30
389 35
390 39
391 25
392 41
393 27
394 22
395 39
396 39
397 32
398 41
399 24
400 40
401 26
402 31
403 32
404 20
405 39
406 39
407 33
408 33
409 41
410 40
411 36
412 40
413 39
414 28
415 27
416 27
417 48
418 40
419 49
420 39
421 41
422 37
423 42
424 12
425 32
426 30
427 27
428 36
429 29
430 33
431 38
432 27
433 36
434 18
435 37
436 36
437 33
438 37
439 31
440 23
441 26
442 27
443 29
444 33
445 29
446 43
447 46
448 41
449 42
450 39
451 36
452 39
453 48
454 38
455 40
456 38
457 35
458 37
459 33
460 26
461 36
462 33
463 25
464 37
465 39
466 32
467 28
468 40
469 40
470 36
471 39
472 32
473 42
474 37
475 32
476 33
477 24
478 44
479 24
480 37
481 26
482 41
483 26
484 46
485 43
486 24
487 45
488 50
489 37
490 38
491 32
492 47
493 38
494 24
495 43
496 45
497 36
498 28
499 42
500 41
freeSelLabel GLN 89==resname UNK
freeSelString (same residue as index 1304) or (resname UNK)
0 9
1 10
2 23
3 11
4 20
5 18
6 14
7 20
8 17
9 20
10 18
11 23
12 23
13 24
14 16
15 24
16 13
17 23
18 15
19 16
20 14
21 18
22 11
23 11
24 22
25 14
26 14
27 20
28 12
29 13
30 14
31 22
32 25
33 20
34 9
35 24
36 14
37 15
38 21
39 7
40 25
41 2
42 16
43 22
44 15
45 21
46 5
47 7
48 17
49 9
50 9
51 15
52 20
53 6
54 19
55 14
56 12
57 5
58 11
59 13
60 9
61 12
62 11
63 18
64 2
65 7
66 7
67 5
68 5
69 11
70 9
71 10
72 11
73 13
74 1
75 11
76 1
77 2
78 15
79 14
80 8
81 11
82 10
83 9
84 10
85 20
86 9
87 26
88 10
89 9
90 19
91 17
92 15
93 7
94 11
95 9
96 23
97 16
98 22
99 10
100 9
101 14
102 6
103 13
104 8
105 13
106 22
107 9
108 7
109 7
110 8
111 8
112 19
113 25
114 17
115 17
116 18
117 16
118 14
119 11
120 15
121 13
122 12
123 15
124 11
125 17
126 15
127 10
128 2
129 9
130 8
131 15
132 17
133 21
134 6
135 12
136 10
137 10
138 7
139 13
140 5
141 11
142 22
143 3
144 9
145 7
146 13
147 3
148 2
149 3
150 12
151 6
152 5
153 15
154 18
155 17
156 18
157 20
158 7
159 18
160 19
161 8
162 19
163 17
164 18
165 11
166 15
167 19
168 11
169 15
170 4
171 16
172 10
173 18
174 14
175 12
176 16
177 17
178 12
179 21
180 24
181 11
182 24
183 16
184 11
185 23
186 17
187 19
188 12
189 13
190 21
191 22
192 18
193 10
194 13
195 13
196 16
197 15
198 19
199 20
200 7
201 10
202 18
203 9
204 18
205 24
206 14
207 18
208 19
209 7
210 9
211 6
212 14
213 12
214 11
215 18
216 12
217 13
218 15
219 16
220 23
221 9
222 12
223 15
224 15
225 19
226 12
227 5
228 7
229 9
230 12
231 18
232 14
233 14
234 13
235 12
236 12
237 14
238 18
239 19
240 17
241 10
242 9
243 18
244 22
245 12
246 11
247 7
248 21
249 16
250 6
251 8
252 19
253 11
254 10
255 11
256 7
257 17
258 8
259 20
260 7
261 16
262 21
263 21
264 14
265 6
266 6
267 21
268 25
269 19
270 15
271 21
272 18
273 18
274 17
275 17
276 15
277 23
278 8
279 10
280 24
281 11
282 19
283 11
284 14
285 12
286 17
287 19
288 12
289 15
290 22
291 18
292 8
293 14
294 20
295 15
296 23
297 10
298 17
299 17
300 12
301 16
302 25
303 15
304 5
305 19
306 7
307 12
308 14
309 14
310 4
311 10
312 17
313 3
314 12
315 15
316 18
317 22
318 8
319 26
320 11
321 10
322 2
323 5
324 12
325 12
326 12
327 15
328 10
329 19
330 20
331 15
332 12
333 21
334 15
335 6
336 19
337 11
338 21
339 22
340 20
341 20
342 15
343 13
344 25
345 8
346 9
347 20
348 22
349 13
350 21
351 16
352 12
353 15
354 20
355 12
356 19
357 6
358 13
359 4
360 5
361 16
362 24
363 17
364 21
365 8
366 11
367 23
368 19
369 26
370 20
371 7
372 9
373 10
374 19
375 10
376 1
377 3
378 7
379 5
380 21
381 16
382 24
383 25
384 20
385 3
386 20
387 12
388 14
389 5
390 13
391 15
392 17
393 14
394 4
395 4
396 15
397 20
398 17
399 7
400 4
401 5
402 9
403 15
404 15
405 11
406 18
407 9
408 16
409 25
410 20
411 22
412 16
413 24
414 4
415 18
416 13
417 18
418 20
419 19
420 9
421 20
422 5
423 20
424 3
425 11
426 14
427 6
428 12
429 0
430 14
431 20
432 16
433 8
434 3
435 9
436 9
437 2
438 13
439 12
440 3
441 14
442 20
443 15
444 16
445 9
446 20
447 18
448 16
449 14
450 12
451 24
452 15
453 24
454 19
455 12
456 23
457 14
458 16
459 19
460 12
461 21
462 18
463 15
464 20
465 25
466 14
467 17
468 18
469 8
470 19
471 13
472 15
473 19
474 20
475 15
476 12
477 18
478 25
479 24
480 30
481 20
482 13
483 6
484 19
485 23
486 12
487 16
488 8
489 11
490 15
491 27
492 19
493 21
494 14
495 20
496 19
497 18
498 16
499 19
500 22
freeSelLabel ILE 92==resname UNK
freeSelString (same residue as index 1343) or (resname UNK)
0 10
1 8
2 8
3 7
4 14
5 12
6 11
7 7
8 10
9 13
10 6
11 12
12 12
13 8
14 12
15 7
16 11
17 18
18 12
19 12
20 13
21 3
22 11
23 12
24 8
25 8
26 13
27 7
28 8
29 12
30 15
31 13
32 17
33 14
34 12
35 8
36 13
37 11
38 8
39 14
40 13
41 8
42 7
43 6
44 15
45 12
46 5
47 16
48 8
49 15
50 9
51 15
52 6
53 11
54 7
55 5
56 10
57 9
58 4
59 8
60 5
61 13
62 13
63 11
64 4
65 9
66 14
67 8
68 6
69 11
70 4
71 14
72 15
73 15
74 3
75 14
76 8
77 10
78 8
79 6
80 8
81 12
82 13
83 15
84 5
85 11
86 10
87 14
88 16
89 10
90 16
91 14
92 5
93 14
94 9
95 13
96 13
97 10
98 8
99 11
100 11
101 9
102 5
103 10
104 15
105 13
106 14
107 10
108 15
109 11
110 12
111 16
112 15
113 10
114 13
115 13
116 17
117 15
118 5
119 12
120 14
121 13
122 13
123 12
124 18
125 11
126 14
127 9
128 18
129 11
130 7
131 11
132 19
133 8
134 8
135 6
136 8
137 16
138 15
139 15
140 16
141 13
142 15
143 7
144 12
145 11
146 11
147 10
148 13
149 14
150 16
151 10
152 14
153 15
154 16
155 14
156 15
157 11
158 14
159 15
160 11
161 16
162 12
163 5
164 15
165 12
166 13
167 12
168 8
169 14
170 7
171 13
172 16
173 14
174 10
175 12
176 16
177 11
178 15
179 14
180 4
181 12
182 8
183 13
184 15
185 14
186 13
187 15
188 9
189 10
190 13
191 9
192 12
193 5
194 10
195 13
196 12
197 12
198 12
199 2
200 9
201 15
202 14
203 5
204 13
205 8
206 9
207 12
208 8
209 14
210 13
211 10
212 15
213 11
214 5
215 8
216 9
217 8
218 14
219 18
220 8
221 9
222 12
223 9
224 9
225 17
226 10
227 7
228 14
229 13
230 6
231 12
232 12
233 9
234 5
235 11
236 12
237 4
238 8
239 14
240 13
241 11
242 4
243 12
244 10
245 14
246 6
247 4
248 11
249 8
250 15
251 11
252 13
253 14
254 9
255 16
256 14
257 7
258 13
259 12
260 13
261 13
262 12
263 13
264 11
265 8
266 5
267 13
268 14
269 12
270 12
271 2
272 9
273 10
274 14
275 15
276 14
277 5
278 12
279 7
280 16
281 15
282 10
283 9
284 13
285 9
286 13
287 13
288 16
289 12
290 16
291 13
292 12
293 7
294 13
295 11
296 13
297 12
298 11
299 9
300 16
301 13
302 12
303 13
304 4
305 13
306 9
307 8
308 15
309 13
310 0
311 7
312 10
313 5
314 11
315 8
316 9
317 9
318 9
319 12
320 8
321 16
322 11
323 6
324 15
325 12
326 11
327 9
328 10
329 15
330 15
331 11
332 6
333 13
334 16
335 9
336 7
337 11
338 15
339 7
340 17
341 0
342 9
343 14
344 11
345 11
346 11
347 12
348 12
349 4
350 12
351 13
352 7
353 12
354 11
355 12
356 2
357 6
358 13
359 3
360 1
361 6
362 5
363 9
364 14
365 4
366 6
367 4
368 12
369 6
370 6
371 4
372 11
373 8
374 3
375 9
376 8
377 7
378 9
379 7
380 10
381 8
382 7
383 1
384 13
385 8
386 7
387 10
388 3
389 11
390 10
391 12
392 12
393 0
394 8
395 9
396 12
397 5
398 16
399 10
400 11
401 7
402 10
403 6
404 4
405 5
406 12
407 11
408 14
409 13
410 11
411 4
412 12
413 4
414 9
415 2
416 9
417 9
418 6
419 7
420 2
421 6
422 1
423 12
424 0
425 4
426 1
427 0
428 5
429 0
430 5
431 9
432 6
433 3
434 0
435 2
436 5
437 1
438 1
439 2
440 0
441 6
442 4
443 1
444 4
445 5
446 2
447 0
448 8
449 0
450 0
451 0
452 0
453 0
454 0
455 2
456 3
457 0
458 0
459 0
460 0
461 0
462 1
463 0
464 0
465 0
466 0
467 0
468 0
469 0
470 0
471 0
472 0
473 0
474 0
475 0
476 0
477 0
478 1
479 0
480 0
481 0
482 0
483 0
484 1
485 0
486 0
487 0
488 0
489 0
490 0
491 1
492 0
493 1
494 0
495 0
496 1
497 0
498 0
499 0
500 1
freeSelLabel PHE 168==resname UNK
freeSelString (same residue as index 2506) or (resname UNK)
0 25
1 55
2 35
3 51
4 41
5 42
6 42
7 36
8 63
9 51
10 39
11 63
12 45
13 28
14 53
15 26
16 51
17 24
18 40
19 38
20 26
21 38
22 28
23 39
24 29
25 44
26 30
27 60
28 37
29 28
30 49
31 51
32 8
33 47
34 12
35 40
36 35
37 54
38 8
39 17
40 23
41 26
42 34
43 41
44 32
45 26
46 46
47 45
48 48
49 31
50 21
51 47
52 18
53 36
54 26
55 39
56 38
57 45
58 56
59 41
60 66
61 43
62 55
63 33
64 33
65 28
66 51
67 36
68 54
69 53
70 25
71 32
72 40
73 36
74 39
75 29
76 31
77 34
78 36
79 25
80 26
81 19
82 33
83 18
84 44
85 40
86 62
87 29
88 17
89 33
90 44
91 11
92 34
93 25
94 43
95 18
96 38
97 27
98 22
99 41
100 32
101 42
102 23
103 10
104 44
105 32
106 26
107 45
108 22
109 40
110 38
111 21
112 60
113 17
114 30
115 31
116 6
117 42
118 28
119 30
120 23
121 22
122 46
123 52
124 21
125 41
126 34
127 38
128 40
129 33
130 37
131 10
132 20
133 55
134 32
135 36
136 22
137 31
138 31
139 35
140 48
141 49
142 34
143 70
144 28
145 45
146 40
147 46
148 66
149 24
150 19
151 35
152 14
153 34
154 39
155 69
156 24
157 39
158 45
159 24
160 45
161 28
162 37
163 36
164 43
165 22
166 44
167 36
168 58
169 41
170 32
171 46
172 69
173 40
174 26
175 20
176 37
177 27
178 16
179 48
180 40
181 41
182 38
183 32
184 10
185 33
186 44
187 26
188 47
189 14
190 26
191 39
192 52
193 54
194 50
195 42
196 21
197 44
198 46
199 45
200 23
201 30
202 36
203 38
204 28
205 30
206 60
207 44
208 31
209 10
210 29
211 32
212 22
213 20
214 38
215 56
216 22
217 64
218 32
219 33
220 40
221 43
222 12
223 41
224 54
225 59
226 45
227 56
228 30
229 14
230 52
231 13
232 35
233 26
234 55
235 36
236 37
237 53
238 37
239 45
240 56
241 57
242 33
243 51
244 46
245 32
246 12
247 35
248 21
249 44
250 35
251 12
252 42
253 35
254 45
255 41
256 55
257 31
258 50
259 44
260 30
261 20
262 44
263 21
264 39
265 58
266 21
267 41
268 21
269 31
270 22
271 48
272 34
273 31
274 58
275 35
276 33
277 34
278 46
279 33
280 55
281 19
282 16
283 22
284 32
285 19
286 10
287 16
288 19
289 39
290 40
291 22
292 41
293 23
294 25
295 30
296 32
297 50
298 13
299 46
300 42
301 19
302 46
303 22
304 61
305 36
306 19
307 55
308 47
309 47
310 33
311 22
312 20
313 22
314 6
315 27
316 41
317 34
318 24
319 27
320 43
321 59
322 45
323 45
324 35
325 24
326 29
327 42
328 42
329 26
330 37
331 58
332 27
333 23
334 51
335 29
336 23
337 39
338 32
339 32
340 24
341 57
342 30
343 35
344 38
345 45
346 46
347 41
348 33
349 48
350 60
351 27
352 38
353 46
354 52
355 48
356 67
357 41
358 35
359 58
360 39
361 30
362 56
363 49
364 37
365 38
366 44
367 55
368 27
369 54
370 22
371 24
372 38
373 11
374 59
375 38
376 38
377 24
378 12
379 27
380 40
381 23
382 30
383 12
384 24
385 10
386 38
387 37
388 13
389 14
390 20
391 24
392 47
393 22
394 23
395 37
396 30
397 44
398 20
399 19
400 4
401 51
402 30
403 28
404 34
405 41
406 34
407 11
408 50
409 23
410 39
411 13
412 30
413 0
414 40
415 40
416 43
417 43
418 61
419 16
420 46
421 37
422 44
423 32
424 40
425 35
426 35
427 59
428 26
429 56
430 65
431 32
432 31
433 39
434 18
435 34
436 30
437 54
438 42
439 56
440 30
441 7
442 46
443 33
444 73
445 11
446 32
447 44
448 56
449 14
450 57
451 25
452 50
453 46
454 35
455 31
456 55
457 32
458 50
459 36
460 44
461 28
462 44
463 55
464 25
465 52
466 47
467 43
468 29
469 33
470 41
471 37
472 47
473 32
474 38
475 38
476 40
477 30
478 34
479 54
480 40
481 36
482 35
483 25
484 69
485 25
486 46
487 56
488 29
489 38
490 59
491 43
492 41
493 27
494 52
495 21
496 44
497 39
498 30
499 54
500 50
freeSelLabel GLU 169==resname UNK
freeSelString (same residue as index 2526) or (resname UNK)
0 20
1 18
2 19
3 21
4 18
5 18
6 19
7 25
8 23
9 23
10 25
11 19
12 21
13 24
14 18
15 17
16 27
17 18
18 20
19 17
20 20
21 14
22 20
23 16
24 15
25 15
26 16
27 22
28 17
29 19
30 22
31 23
32 17
33 10
34 24
35 17
36 17
37 21
38 16
39 14
40 21
41 18
42 24
43 17
44 17
45 19
46 22
47 19
48 18
49 17
50 17
51 14
52 18
53 17
54 26
55 15
56 21
57 14
58 17
59 27
60 26
61 17
62 17
63 17
64 15
65 9
66 20
67 26
68 21
69 17
70 16
71 16
72 15
73 16
74 24
75 20
76 15
77 1
78 8
79 8
80 18
81 12
82 21
83 16
84 21
85 13
86 1
87 0
88 8
89 1
90 1
91 0
92 2
93 1
94 1
95 2
96 1
97 1
98 1
99 1
100 0
101 0
102 0
103 0
104 1
105 0
106 0
107 8
108 0
109 3
110 1
111 7
112 17
113 16
114 18
115 20
116 18
117 22
118 18
119 17
120 20
121 18
122 17
123 24
124 22
125 15
126 20
127 18
128 19
129 19
130 21
131 14
132 20
133 17
134 24
135 25
136 16
137 18
138 17
139 25
140 17
141 19
142 20
143 19
144 24
145 26
146 12
147 23
148 18
149 26
150 24
151 9
152 15
153 18
154 18
155 17
156 12
157 14
158 20
159 14
160 17
161 21
162 24
163 20
164 17
165 20
166 15
167 15
168 9
169 19
170 17
171 19
172 18
173 17
174 1
175 17
176 1
177 4
178 17
179 12
180 16
181 15
182 6
183 9
184 17
185 17
186 16
187 21
188 19
189 16
190 18
191 20
192 18
193 16
194 19
195 15
196 18
197 20
198 17
199 15
200 15
201 17
202 17
203 17
204 20
205 16
206 20
207 22
208 19
209 19
210 16
211 13
212 10
213 16
214 16
215 22
216 27
217 15
218 15
219 14
220 6
221 17
222 17
223 20
224 8
225 19
226 19
227 15
228 16
229 19
230 20
231 12
232 20
233 15
234 9
235 7
236 16
237 14
238 11
239 20
240 15
241 24
242 1
243 12
244 16
245 0
246 7
247 4
248 22
249 24
250 26
251 17
252 19
253 15
254 16
255 9
256 22
257 17
258 18
259 26
260 16
261 20
262 19
263 24
264 14
265 18
266 14
267 21
268 13
269 13
270 0
271 19
272 13
273 16
274 18
275 19
276 17
277 20
278 18
279 18
280 19
281 19
282 21
283 8
284 11
285 0
286 1
287 0
288 1
289 1
290 18
291 0
292 15
293 17
294 15
295 18
296 24
297 18
298 17
299 20
300 21
301 23
302 17
303 19
304 21
305 20
306 1
307 16
308 2
309 4
310 1
311 1
312 1
313 14
314 16
315 7
316 16
317 15
318 16
319 15
320 25
321 20
322 17
323 20
324 21
325 16
326 15
327 7
328 16
329 17
330 10
331 16
332 21
333 22
334 18
335 21
336 14
337 20
338 16
339 22
340 20
341 14
342 13
343 3
344 18
345 20
346 12
347 22
348 15
349 1
350 20
351 21
352 19
353 21
354 14
355 19
356 6
357 3
358 14
359 8
360 16
361 15
362 19
363 17
364 16
365 20
366 22
367 20
368 17
369 14
370 15
371 19
372 19
373 21
374 16
375 22
376 2
377 11
378 16
379 2
380 20
381 1
382 19
383 1
384 10
385 15
386 1
387 5
388 2
389 4
390 0
391 0
392 0
393 1
394 1
395 23
396 5
397 2
398 15
399 20
400 0
401 15
402 24
403 0
404 14
405 14
406 17
407 20
408 5
409 0
410 1
411 1
412 0
413 0
414 20
415 19
416 16
417 18
418 18
419 10
420 17
421 15
422 15
423 4
424 2
425 1
426 2
427 9
428 0
429 3
430 11
431 18
432 12
433 1
434 1
435 1
436 1
437 1
438 14
439 1
440 13
441 2
442 16
443 8
444 4
445 2
446 2
447 14
448 17
449 18
450 7
451 18
452 6
453 3
454 0
455 1
456 5
457 11
458 8
459 0
460 0
461 5
462 13
463 18
464 19
465 0
466 18
467 16
468 2
469 2
470 4
471 10
472 0
473 0
474 0
475 0
476 0
477 0
478 3
479 3
480 0
481 0
482 2
483 0
484 0
485 0
486 0
487 0
488 0
489 2
490 0
491 0
492 1
493 0
494 2
495 0
496 0
497 0
498 0
499 0
500 3
freeSelLabel MET 174==resname UNK
freeSelString (same residue as index 2599) or (resname UNK)
0 7
1 1
2 4
3 5
4 2
5 3
6 7
7 3
8 5
9 0
10 3
11 9
12 3
13 8
14 3
15 6
16 6
17 11
18 2
19 0
20 3
21 10
22 6
23 0
24 3
25 1
26 3
27 1
28 7
29 10
30 4
31 5
32 0
33 4
34 2
35 7
36 6
37 1
38 0
39 5
40 3
41 5
42 10
43 6
44 0
45 7
46 3
47 5
48 3
49 2
50 2
51 2
52 5
53 4
54 3
55 9
56 9
57 7
58 4
59 12
60 0
61 11
62 10
63 6
64 2
65 12
66 3
67 3
68 1
69 1
70 3
71 3
72 3
73 3
74 3
75 1
76 3
77 5
78 4
79 2
80 9
81 11
82 5
83 1
84 0
85 5
86 1
87 6
88 8
89 12
90 3
91 5
92 9
93 3
94 10
95 5
96 13
97 1
98 7
99 1
100 3
101 3
102 18
103 2
104 4
105 1
106 3
107 7
108 10
109 4
110 3
111 3
112 3
113 0
114 2
115 0
116 0
117 3
118 3
119 4
120 3
121 3
122 3
123 2
124 8
125 7
126 0
127 3
128 0
129 3
130 4
131 3
132 1
133 6
134 6
135 5
136 6
137 4
138 5
139 4
140 0
141 3
142 3
143 4
144 4
145 2
146 3
147 0
148 2
149 2
150 3
151 0
152 1
153 0
154 3
155 3
156 2
157 3
158 3
159 6
160 1
161 8
162 4
163 3
164 1
165 1
166 3
167 3
168 14
169 13
170 10
171 1
172 0
173 3
174 6
175 0
176 14
177 1
178 0
179 0
180 10
181 1
182 1
183 0
184 2
185 0
186 2
187 0
188 4
189 0
190 7
191 3
192 3
193 11
194 3
195 6
196 3
197 8
198 1
199 2
200 0
201 1
202 0
203 2
204 1
205 8
206 8
207 3
208 9
209 0
210 3
211 1
212 0
213 3
214 6
215 8
216 3
217 8
218 11
219 8
220 2
221 3
222 0
223 0
224 3
225 6
226 2
227 3
228 6
229 7
230 4
231 5
232 2
233 3
234 11
235 1
236 5
237 5
238 9
239 4
240 3
241 11
242 0
243 12
244 6
245 3
246 3
247 2
248 7
249 4
250 2
251 1
252 7
253 5
254 5
255 5
256 5
257 4
258 4
259 4
260 2
261 8
262 3
263 4
264 3
265 3
266 1
267 5
268 0
269 7
270 0
271 6
272 3
273 4
274 3
275 4
276 6
277 6
278 3
279 4
280 11
281 3
282 6
283 6
284 4
285 11
286 4
287 12
288 8
289 9
290 12
291 9
292 3
293 3
294 12
295 4
296 1
297 2
298 6
299 0
300 2
301 3
302 1
303 4
304 3
305 3
306 4
307 3
308 8
309 7
310 9
311 1
312 4
313 0
314 3
315 9
316 0
317 5
318 8
319 2
320 0
321 3
322 0
323 6
324 4
325 5
326 3
327 12
328 0
329 11
330 4
331 0
332 2
333 3
334 0
335 3
336 3
337 5
338 7
339 3
340 5
341 3
342 3
343 8
344 3
345 3
346 7
347 4
348 9
349 0
350 0
351 0
352 0
353 0
354 0
355 0
356 0
357 1
358 2
359 4
360 3
361 0
362 0
363 0
364 0
365 1
366 0
367 2
368 11
369 0
370 1
371 0
372 5
373 7
374 14
375 10
376 2
377 1
378 0
379 3
380 2
381 5
382 3
383 3
384 3
385 3
386 3
387 0
388 3
389 10
390 2
391 13
392 10
393 1
394 11
395 12
396 12
397 10
398 11
399 3
400 1
401 0
402 3
403 1
404 13
405 6
406 0
407 8
408 15
409 0
410 0
411 0
412 0
413 0
414 6
415 5
416 7
417 10
418 12
419 1
420 0
421 0
422 0
423 0
424 0
425 0
426 0
427 0
428 0
429 0
430 0
431 0
432 0
433 0
434 0
435 0
436 0
437 0
438 0
439 0
440 0
441 0
442 0
443 0
444 0
445 0
446 0
447 0
448 0
449 0
450 0
451 0
452 0
453 0
454 0
455 0
456 0
457 1
458 0
459 0
460 0
461 0
462 0
463 0
464 0
465 0
466 0
467 0
468 0
469 0
470 0
471 0
472 0
473 1
474 0
475 0
476 0
477 1
478 0
479 19
480 7
481 7
482 1
483 0
484 1
485 0
486 0
487 0
488 0
489 7
490 0
491 2
492 2
493 0
494 0
495 0
496 0
497 1
498 0
499 0
500 0
freeSelLabel MET 177==resname UNK
freeSelString (same residue as index 2651) or (resname UNK)
0 23
1 13
2 12
3 9
4 20
5 17
6 17
7 15
8 11
9 12
10 12
11 18
12 19
13 15
14 14
15 15
16 14
17 10
18 15
19 13
20 15
21 19
22 12
23 14
24 21
25 18
26 15
27 12
28 12
29 20
30 19
31 16
32 18
33 18
34 16
35 13
36 15
37 14
38 5
39 14
40 12
41 17
42 14
43 16
44 14
45 14
46 21
47 16
48 21
49 20
50 18
51 12
52 16
53 11
54 21
55 19
56 19
57 14
58 14
59 17
60 15
61 16
62 15
63 13
64 12
65 16
66 16
67 28
68 13
69 15
70 8
71 15
72 16
73 14
74 12
75 22
76 20
77 13
78 21
79 7
80 10
81 16
82 12
83 19
84 11
85 14
86 17
87 10
88 17
89 18
90 22
91 20
92 12
93 27
94 15
95 24
96 17
97 12
98 16
99 16
100 12
101 18
102 19
103 22
104 10
105 15
106 16
107 15
108 9
109 15
110 18
111 14
112 6
113 1
114 7
115 1
116 17
117 16
118 19
119 14
120 18
121 18
122 11
123 16
124 16
125 18
126 14
127 21
128 11
129 18
130 19
131 20
132 23
133 20
134 13
135 17
136 22
137 16
138 19
139 24
140 13
141 8
142 14
143 19
144 18
145 19
146 14
147 15
148 15
149 18
150 13
151 15
152 17
153 14
154 15
155 19
156 23
157 15
158 18
159 15
160 18
161 20
162 17
163 14
164 10
165 24
166 22
167 23
168 14
169 17
170 12
171 17
172 14
173 22
174 8
175 14
176 22
177 27
178 25
179 20
180 12
181 16
182 19
183 23
184 15
185 13
186 21
187 17
188 15
189 12
190 22
191 16
192 17
193 20
194 19
195 15
196 19
197 17
198 11
199 18
200 12
201 17
202 28
203 20
204 17
205 23
206 14
207 19
208 19
209 14
210 19
211 12
212 13
213 18
214 19
215 23
216 22
217 14
218 19
219 16
220 16
221 20
222 14
223 13
224 19
225 14
226 20
227 18
228 14
229 19
230 17
231 20
232 10
233 14
234 18
235 11
236 18
237 15
238 15
239 16
240 15
241 13
242 18
243 20
244 16
245 17
246 11
247 19
248 21
249 13
250 17
251 11
252 23
253 22
254 19
255 21
256 18
257 10
258 18
259 14
260 16
261 14
262 13
263 14
264 18
265 14
266 14
267 19
268 21
269 9
270 13
271 10
272 8
273 8
274 15
275 23
276 17
277 15
278 21
279 13
280 23
281 15
282 21
283 12
284 16
285 19
286 14
287 20
288 12
289 14
290 18
291 16
292 17
293 22
294 20
295 18
296 14
297 19
298 10
299 20
300 21
301 24
302 14
303 18
304 13
305 18
306 18
307 11
308 15
309 7
310 21
311 17
312 22
313 20
314 14
315 24
316 14
317 17
318 14
319 11
320 10
321 13
322 20
323 16
324 20
325 23
326 17
327 10
328 19
329 16
330 17
331 12
332 14
333 21
334 15
335 17
336 17
337 14
338 11
339 12
340 12
341 15
342 8
343 12
344 18
345 14
346 13
347 14
348 11
349 12
350 14
351 15
352 13
353 14
354 10
355 18
356 18
357 18
358 17
359 18
360 19
361 15
362 13
363 14
364 17
365 19
366 7
367 15
368 16
369 4
370 22
371 19
372 14
373 23
374 18
375 19
376 18
377 13
378 16
379 18
380 21
381 27
382 31
383 21
384 21
385 24
386 24
387 18
388 31
389 30
390 20
391 26
392 26
393 17
394 17
395 17
396 12
397 28
398 30
399 22
400 18
401 15
402 16
403 16
404 25
405 17
406 18
407 5
408 27
409 25
410 19
411 14
412 13
413 12
414 13
415 21
416 17
417 26
418 18
419 22
420 15
421 15
422 10
423 15
424 13
425 8
426 10
427 18
428 9
429 15
430 19
431 12
432 11
433 4
434 10
435 10
436 4
437 4
438 18
439 8
440 9
441 8
442 8
443 11
444 9
445 16
446 3
447 7
448 13
449 10
450 9
451 20
452 12
453 9
454 12
455 10
456 13
457 12
458 14
459 6
460 13
461 5
462 22
463 13
464 8
465 14
466 19
467 10
468 10
469 12
470 17
471 13
472 7
473 14
474 17
475 6
476 13
477 9
478 19
479 17
480 15
481 21
482 10
483 6
484 5
485 14
486 19
487 10
488 12
489 16
490 15
491 22
492 7
493 12
494 13
495 9
496 7
497 11
498 12
499 4
500 6
freeSelLabel ASN 181==resname UNK
freeSelString (same residue as index 2725) or (resname UNK)
0 14
1 13
2 13
3 14
4 17
5 13
6 12
7 5
8 16
9 14
10 10
11 19
12 19
13 19
14 16
15 17
16 10
17 10
18 14
19 12
20 10
21 16
22 16
23 13
24 17
25 22
26 19
27 16
28 17
29 16
30 14
31 15
32 22
33 16
34 20
35 15
36 21
37 17
38 16
39 18
40 14
41 14
42 17
43 17
44 18
45 17
46 15
47 13
48 18
49 16
50 19
51 18
52 20
53 15
54 22
55 16
56 15
57 6
58 12
59 13
60 19
61 22
62 14
63 9
64 5
65 12
66 18
67 17
68 10
69 15
70 14
71 17
72 19
73 18
74 13
75 16
76 14
77 10
78 14
79 21
80 16
81 6
82 14
83 14
84 16
85 16
86 9
87 11
88 22
89 20
90 15
91 21
92 15
93 23
94 15
95 16
96 17
97 9
98 18
99 7
100 20
101 19
102 15
103 16
104 20
105 22
106 16
107 17
108 15
109 12
110 12
111 14
112 16
113 19
114 14
115 11
116 12
117 16
118 17
119 16
120 17
121 18
122 8
123 21
124 14
125 18
126 14
127 23
128 19
129 15
130 16
131 19
132 12
133 19
134 16
135 18
136 10
137 18
138 21
139 17
140 14
141 14
142 18
143 18
144 11
145 13
146 24
147 17
148 17
149 8
150 4
151 20
152 14
153 12
154 19
155 16
156 23
157 15
158 19
159 15
160 21
161 14
162 12
163 16
164 17
165 17
166 22
167 12
168 19
169 11
170 17
171 14
172 11
173 17
174 12
175 12
176 18
177 21
178 16
179 22
180 17
181 14
182 13
183 27
184 10
185 11
186 13
187 15
188 16
189 16
190 20
191 17
192 17
193 21
194 18
195 14
196 8
197 16
198 14
199 14
200 18
201 16
202 12
203 19
204 15
205 15
206 17
207 17
208 17
209 22
210 15
211 14
212 10
213 16
214 22
215 16
216 18
217 15
218 16
219 16
220 18
221 18
222 16
223 15
224 18
225 17
226 16
227 25
228 10
229 21
230 18
231 9
232 8
233 14
234 18
235 12
236 16
237 15
238 20
239 17
240 9
241 18
242 12
243 13
244 15
245 16
246 14
247 13
248 21
249 15
250 18
251 11
252 15
253 18
254 16
255 17
256 16
257 23
258 21
259 18
260 8
261 15
262 16
263 15
264 11
265 14
266 12
267 11
268 17
269 12
270 16
271 20
272 20
273 16
274 13
275 18
276 14
277 20
278 15
279 9
280 22
281 18
282 16
283 13
284 10
285 16
286 23
287 21
288 12
289 16
290 11
291 13
292 8
293 14
294 19
295 10
296 14
297 12
298 7
299 10
300 14
301 16
302 19
303 16
304 7
305 9
306 12
307 9
308 17
309 1
310 14
311 13
312 18
313 20
314 15
315 20
316 19
317 16
318 17
319 17
320 7
321 14
322 9
323 9
324 10
325 17
326 13
327 16
328 20
329 10
330 15
331 16
332 22
333 13
334 16
335 13
336 18
337 19
338 8
339 20
340 3
341 18
342 15
343 12
344 18
345 10
346 12
347 13
348 15
349 17
350 15
351 19
352 15
353 14
354 10
355 11
356 21
357 14
358 11
359 16
360 15
361 12
362 15
363 16
364 5
365 17
366 14
367 20
368 11
369 11
370 15
371 16
372 12
373 15
374 15
375 7
376 0
377 9
378 14
379 10
380 12
381 20
382 20
383 18
384 23
385 13
386 14
387 14
388 14
389 10
390 15
391 18
392 14
393 1
394 4
395 1
396 0
397 14
398 13
399 11
400 4
401 15
402 4
403 6
404 11
405 10
406 10
407 2
408 0
409 12
410 2
411 1
412 1
413 6
414 1
415 4
416 2
417 4
418 6
419 4
420 15
421 4
422 12
423 4
424 8
425 13
426 7
427 4
428 6
429 4
430 6
431 7
432 1
433 1
434 6
435 13
436 3
437 1
438 5
439 1
440 6
441 4
442 8
443 9
444 6
445 5
446 4
447 8
448 4
449 6
450 6
451 10
452 10
453 4
454 5
455 6
456 7
457 5
458 9
459 7
460 15
461 7
462 3
463 2
464 4
465 7
466 6
467 6
468 6
469 6
470 5
471 10
472 4
473 4
474 7
475 15
476 4
477 7
478 7
479 3
480 2
481 5
482 2
483 1
484 3
485 16
486 5
487 9
488 7
489 1
490 7
491 6
492 6
493 7
494 13
495 6
496 3
497 9
498 5
499 13
500 5
freeSelLabel TRP 246==resname UNK
freeSelString (same residue as index 3786) or (resname UNK)
0 26
1 37
2 38
3 30
4 46
5 22
6 19
7 20
8 27
9 41
10 20
11 29
12 34
13 14
14 41
15 28
16 28
17 36
18 35
19 34
20 35
21 33
22 24
23 26
24 30
25 34
26 21
27 32
28 41
29 35
30 28
31 22
32 21
33 31
34 38
35 35
36 33
37 38
38 28
39 45
40 34
41 34
42 24
43 33
44 35
45 37
46 23
47 32
48 33
49 36
50 46
51 33
52 19
53 27
54 16
55 36
56 33
57 23
58 42
59 35
60 32
61 36
62 24
63 27
64 40
65 27
66 37
67 29
68 38
69 38
70 45
71 25
72 33
73 28
74 22
75 38
76 35
77 35
78 19
79 27
80 19
81 31
82 38
83 43
84 22
85 23
86 26
87 25
88 31
89 26
90 29
91 16
92 22
93 30
94 28
95 24
96 27
97 23
98 30
99 38
100 31
101 24
102 20
103 38
104 29
105 27
106 36
107 24
108 39
109 24
110 34
111 34
112 26
113 29
114 25
115 27
116 43
117 26
118 26
119 18
120 27
121 27
122 18
123 22
124 37
125 27
126 39
127 27
128 43
129 31
130 25
131 20
132 34
133 18
134 38
135 33
136 33
137 28
138 32
139 38
140 43
141 32
142 30
143 30
144 31
145 33
146 20
147 28
148 32
149 30
150 33
151 35
152 35
153 33
154 30
155 38
156 27
157 18
158 33
159 30
160 26
161 42
162 34
163 13
164 37
165 24
166 23
167 35
168 37
169 25
170 40
171 30
172 28
173 36
174 41
175 39
176 26
177 20
178 39
179 31
180 30
181 36
182 22
183 35
184 31
185 25
186 33
187 31
188 34
189 30
190 20
191 35
192 33
193 29
194 26
195 37
196 31
197 20
198 26
199 34
200 40
201 17
202 32
203 26
204 33
205 33
206 23
207 29
208 29
209 22
210 23
211 17
212 30
213 42
214 20
215 29
216 35
217 24
218 27
219 29
220 39
221 26
222 25
223 29
224 31
225 36
226 26
227 32
228 36
229 33
230 44
231 32
232 26
233 29
234 38
235 20
236 28
237 34
238 34
239 18
240 18
241 25
242 35
243 30
244 33
245 19
246 36
247 26
248 23
249 33
250 21
251 23
252 18
253 27
254 27
255 19
256 21
257 38
258 44
259 28
260 18
261 37
262 41
263 38
264 36
265 33
266 25
267 25
268 31
269 31
270 32
271 27
272 28
273 31
274 21
275 18
276 34
277 34
278 24
279 35
280 40
281 24
282 37
283 30
284 31
285 35
286 30
287 28
288 41
289 33
290 35
291 31
292 29
293 29
294 42
295 38
296 30
297 36
298 27
299 33
300 44
301 36
302 34
303 40
304 39
305 27
306 35
307 41
308 43
309 33
310 38
311 32
312 25
313 44
314 43
315 26
316 30
317 27
318 40
319 38
320 31
321 38
322 31
323 31
324 35
325 22
326 35
327 21
328 28
329 34
330 39
331 31
332 31
333 23
334 38
335 26
336 27
337 16
338 37
339 17
340 24
341 40
342 34
343 22
344 34
345 22
346 33
347 36
348 13
349 29
350 12
351 26
352 23
353 23
354 33
355 35
356 30
357 21
358 40
359 36
360 26
361 35
362 25
363 32
364 31
365 23
366 39
367 18
368 37
369 34
370 27
371 19
372 29
373 32
374 30
375 42
376 35
377 38
378 48
379 21
380 26
381 26
382 22
383 25
384 33
385 29
386 21
387 24
388 16
389 38
390 19
391 17
392 18
393 30
394 35
395 31
396 13
397 24
398 23
399 28
400 27
401 26
402 23
403 20
404 20
405 32
406 22
407 28
408 31
409 27
410 19
411 26
412 17
413 30
414 39
415 14
416 23
417 15
418 19
419 23
420 7
421 21
422 11
423 19
424 8
425 18
426 22
427 7
428 32
429 17
430 28
431 18
432 21
433 19
434 25
435 23
436 20
437 19
438 14
439 12
440 12
441 27
442 17
443 33
444 31
445 18
446 31
447 20
448 20
449 18
450 17
451 19
452 11
453 17
454 20
455 15
456 23
457 11
458 11
459 17
460 14
461 18
462 13
463 15
464 7
465 22
466 11
467 7
468 14
469 20
470 9
471 9
472 10
473 7
474 13
475 3
476 14
477 7
478 16
479 12
480 17
481 17
482 4
483 16
484 14
485 12
486 12
487 9
488 0
489 14
490 9
491 15
492 12
493 21
494 5
495 12
496 10
497 8
498 15
499 14
500 17
freeSelLabel LEU 249==resname UNK
freeSelString (same residue as index 3843) or (resname UNK)
0 37
1 42
2 35
3 39
4 48
5 44
6 37
7 26
8 34
9 30
10 29
11 49
12 44
13 36
14 38
15 46
16 43
17 48
18 44
19 46
20 37
21 37
22 41
23 46
24 46
25 39
26 41
27 41
28 39
29 47
30 48
31 33
32 45
33 47
34 46
35 40
36 51
37 40
38 38
39 29
40 54
41 51
42 32
43 36
44 52
45 43
46 60
47 53
48 42
49 40
50 45
51 35
52 46
53 48
54 43
55 34
56 44
57 42
58 30
59 36
60 48
61 46
62 55
63 51
64 55
65 35
66 35
67 45
68 36
69 37
70 51
71 41
72 34
73 43
74 49
75 45
76 42
77 41
78 46
79 47
80 27
81 39
82 39
83 37
84 41
85 22
86 30
87 33
88 30
89 32
90 31
91 34
92 24
93 31
94 31
95 30
96 28
97 26
98 16
99 26
100 23
101 30
102 22
103 28
104 31
105 23
106 30
107 28
108 25
109 39
110 23
111 34
112 26
113 14
114 30
115 20
116 23
117 17
118 31
119 22
120 34
121 29
122 24
123 23
124 30
125 32
126 32
127 35
128 30
129 26
130 33
131 27
132 20
133 28
134 26
135 13
136 32
137 40
138 24
139 31
140 29
141 31
142 27
143 30
144 35
145 31
146 29
147 28
148 19
149 27
150 34
151 22
152 31
153 31
154 28
155 25
156 23
157 29
158 36
159 26
160 30
161 34
162 24
163 31
164 21
165 32
166 27
167 22
168 25
169 33
170 22
171 25
172 18
173 31
174 24
175 17
176 33
177 29
178 36
179 36
180 32
181 24
182 35
183 25
184 26
185 24
186 32
187 27
188 28
189 31
190 32
191 27
192 30
193 36
194 30
195 25
196 28
197 22
198 22
199 31
200 29
201 25
202 29
203 22
204 31
205 28
206 35
207 28
208 32
209 22
210 17
211 37
212 20
213 25
214 27
215 26
216 22
217 19
218 39
219 23
220 23
221 27
222 22
223 34
224 31
225 22
226 34
227 30
228 32
229 35
230 25
231 26
232 27
233 31
234 33
235 30
236 30
237 21
238 23
239 36
240 19
241 20
242 28
243 20
244 30
245 28
246 17
247 30
248 30
249 26
250 35
251 26
252 24
253 32
254 30
255 38
256 34
257 24
258 39
259 25
260 28
261 27
262 23
263 30
264 25
265 30
266 26
267 24
268 33
269 23
270 30
271 22
272 31
273 27
274 20
275 31
276 23
277 24
278 25
279 32
280 29
281 29
282 26
283 34
284 32
285 22
286 30
287 23
288 33
289 38
290 23
291 31
292 28
293 25
294 24
295 26
296 32
297 30
298 19
299 30
300 32
301 19
302 31
303 31
304 39
305 39
306 30
307 23
308 27
309 18
310 24
311 26
312 27
313 25
314 24
315 29
316 29
317 36
318 26
319 26
320 21
321 24
322 33
323 25
324 29
325 31
326 31
327 22
328 36
329 38
330 24
331 24
332 29
333 28
334 20
335 24
336 27
337 25
338 20
339 26
340 32
341 29
342 24
343 20
344 32
345 28
346 27
347 23
348 27
349 24
350 21
351 19
352 21
353 22
354 17
355 25
356 18
357 23
358 25
359 20
360 20
361 13
362 20
363 28
364 17
365 14
366 27
367 29
368 31
369 16
370 13
371 24
372 20
373 20
374 20
375 34
376 31
377 40
378 27
379 26
380 25
381 27
382 8
383 31
384 23
385 29
386 41
387 36
388 31
389 19
390 13
391 25
392 15
393 22
394 17
395 11
396 13
397 25
398 18
399 15
400 17
401 11
402 23
403 30
404 11
405 5
406 14
407 31
408 33
409 25
410 12
411 21
412 23
413 11
414 10
415 0
416 0
417 2
418 0
419 12
420 1
421 0
422 0
423 0
424 3
425 0
426 0
427 0
428 0
429 0
430 0
431 0
432 0
433 0
434 0
435 0
436 0
437 0
438 0
439 0
440 1
441 0
442 0
443 0
444 0
445 0
446 0
447 0
448 0
449 0
450 0
451 0
452 0
453 0
454 0
455 0
456 0
457 0
458 0
459 0
460 0
461 0
462 0
463 0
464 0
465 0
466 0
467 0
468 0
469 0
470 0
471 0
472 0
473 0
474 0
475 0
476 0
477 0
478 0
479 0
480 0
481 0
482 0
483 0
484 0
485 0
486 0
487 0
488 0
489 0
490 0
491 0
492 0
493 0
494 0
495 0
496 0
497 0
498 0
499 0
500 0
freeSelLabel ASN 253==resname UNK
freeSelString (same residue as index 3917) or (resname UNK)
0 20
1 22
2 21
3 17
4 16
5 22
6 18
7 19
8 21
9 16
10 19
11 15
12 22
13 21
14 16
15 21
16 14
17 14
18 21
19 17
20 18
21 18
22 16
23 17
24 22
25 16
26 16
27 14
28 24
29 16
30 19
31 15
32 25
33 14
34 24
35 20
36 20
37 17
38 17
39 23
40 19
41 17
42 23
43 18
44 19
45 20
46 19
47 21
48 17
49 18
50 20
51 17
52 18
53 20
54 22
55 17
56 15
57 18
58 12
59 15
60 19
61 18
62 20
63 14
64 18
65 18
66 19
67 20
68 16
69 17
70 21
71 22
72 13
73 14
74 21
75 21
76 18
77 17
78 20
79 18
80 19
81 22
82 24
83 24
84 13
85 14
86 18
87 22
88 18
89 21
90 14
91 20
92 18
93 19
94 19
95 19
96 17
97 18
98 22
99 19
100 16
101 19
102 17
103 23
104 19
105 22
106 19
107 14
108 17
109 18
110 14
111 19
112 17
113 18
114 18
115 18
116 19
117 14
118 22
119 21
120 23
121 20
122 17
123 18
124 20
125 19
126 18
127 20
128 18
129 14
130 17
131 22
132 18
133 20
134 19
135 20
136 25
137 21
138 20
139 14
140 19
141 15
142 17
143 14
144 14
145 14
146 20
147 17
148 20
149 16
150 16
151 20
152 16
153 18
154 14
155 17
156 20
157 18
158 20
159 15
160 19
161 18
162 17
163 18
164 20
165 24
166 16
167 18
168 15
169 17
170 15
171 23
172 17
173 19
174 18
175 20
176 18
177 21
178 25
179 20
180 22
181 21
182 19
183 16
184 17
185 16
186 22
187 19
188 21
189 19
190 23
191 18
192 23
193 24
194 16
195 18
196 15
197 17
198 14
199 17
200 14
201 18
202 15
203 18
204 17
205 21
206 23
207 21
208 24
209 19
210 15
211 18
212 17
213 19
214 20
215 15
216 24
217 18
218 20
219 14
220 15
221 22
222 18
223 18
224 22
225 18
226 20
227 21
228 20
229 18
230 15
231 18
232 14
233 16
234 17
235 18
236 12
237 12
238 22
239 17
240 17
241 19
242 20
243 20
244 16
245 16
246 18
247 19
248 22
249 15
250 21
251 17
252 14
253 24
254 22
255 21
256 19
257 14
258 22
259 16
260 25
261 22
262 14
263 26
264 20
265 17
266 16
267 21
268 16
269 24
270 19
271 16
272 23
273 22
274 14
275 22
276 14
277 17
278 22
279 21
280 20
281 20
282 16
283 21
284 21
285 14
286 21
287 24
288 16
289 18
290 21
291 19
292 22
293 20
294 22
295 17
296 21
297 22
298 18
299 19
300 16
301 22
302 19
303 17
304 17
305 18
306 21
307 23
308 27
309 16
310 17
311 13
312 14
313 18
314 17
315 24
316 21
317 22
318 16
319 14
320 16
321 14
322 19
323 15
324 18
325 18
326 21
327 17
328 18
329 21
330 17
331 14
332 19
333 18
334 19
335 18
336 23
337 22
338 16
339 11
340 16
341 18
342 15
343 14
344 19
345 16
346 17
347 18
348 14
349 17
350 6
351 5
352 1
353 2
354 11
355 3
356 6
357 16
358 18
359 17
360 14
361 9
362 14
363 15
364 14
365 14
366 16
367 19
368 24
369 20
370 22
371 21
372 16
373 20
374 13
375 22
376 20
377 24
378 11
379 27
380 15
381 22
382 15
383 21
384 18
385 16
386 24
387 15
388 25
389 24
390 18
391 23
392 19
393 23
394 16
395 19
396 15
397 23
398 23
399 18
400 17
401 5
402 19
403 15
404 18
405 16
406 15
407 20
408 19
409 22
410 10
411 17
412 14
413 16
414 6
415 1
416 3
417 1
418 4
419 18
420 0
421 0
422 0
423 0
424 0
425 0
426 0
427 0
428 0
429 0
430 0
431 0
432 0
433 0
434 0
435 0
436 0
437 0
438 0
439 0
440 0
441 0
442 0
443 0
444 0
445 0
446 0
447 0
448 0
449 0
450 0
451 0
452 0
453 0
454 0
455 0
456 0
457 0
458 0
459 0
460 0
461 0
462 0
463 0
464 0
465 0
466 0
467 0
468 0
469 0
470 0
471 1
472 0
473 0
474 0
475 0
476 0
477 0
478 0
479 0
480 0
481 0
482 0
483 0
484 0
485 0
486 0
487 0
488 0
489 0
490 0
491 0
492 0
493 0
494 0
495 0
496 0
497 0
498 0
499 0
500 0
freeSelLabel ILE 274==resname UNK
freeSelString (same residue as index 4244) or (resname UNK)
0 23
1 36
2 23
3 23
4 19
5 22
6 13
7 29
8 19
9 35
10 27
11 24
12 19
13 17
14 24
15 15
16 12
17 25
18 14
19 10
20 23
21 6
22 4
23 14
24 14
25 25
26 16
27 22
28 24
29 28
30 18
31 30
32 13
33 26
34 26
35 18
36 18
37 16
38 31
39 25
40 25
41 16
42 16
43 21
44 9
45 21
46 21
47 10
48 9
49 37
50 22
51 17
52 17
53 21
54 19
55 23
56 26
57 24
58 41
59 28
60 27
61 18
62 17
63 25
64 22
65 12
66 18
67 20
68 23
69 9
70 20
71 20
72 19
73 21
74 30
75 28
76 25
77 15
78 27
79 27
80 27
81 21
82 16
83 17
84 13
85 23
86 14
87 21
88 26
89 32
90 33
91 35
92 32
93 41
94 38
95 35
96 11
97 29
98 25
99 36
100 22
101 27
102 35
103 48
104 33
105 32
106 30
107 25
108 13
109 17
110 23
111 24
112 19
113 29
114 26
115 26
116 45
117 22
118 13
119 20
120 32
121 17
122 21
123 39
124 20
125 20
126 30
127 31
128 28
129 39
130 20
131 36
132 26
133 48
134 24
135 24
136 23
137 32
138 30
139 44
140 17
141 35
142 29
143 24
144 20
145 33
146 22
147 37
148 19
149 24
150 26
151 27
152 41
153 23
154 56
155 20
156 13
157 38
158 20
159 28
160 10
161 17
162 38
163 33
164 30
165 28
166 24
167 33
168 15
169 25
170 18
171 29
172 24
173 39
174 24
175 26
176 18
177 12
178 26
179 27
180 32
181 17
182 24
183 18
184 19
185 41
186 35
187 43
188 36
189 19
190 27
191 18
192 29
193 35
194 14
195 24
196 31
197 32
198 47
199 25
200 41
201 22
202 36
203 42
204 40
205 23
206 37
207 19
208 35
209 46
210 22
211 25
212 36
213 36
214 26
215 38
216 42
217 24
218 35
219 39
220 19
221 28
222 28
223 26
224 31
225 28
226 36
227 35
228 25
229 31
230 34
231 12
232 32
233 28
234 35
235 49
236 31
237 44
238 32
239 44
240 30
241 42
242 46
243 31
244 39
245 44
246 30
247 23
248 26
249 20
250 30
251 42
252 48
253 25
254 24
255 15
256 11
257 46
258 33
259 27
260 38
261 34
262 41
263 30
264 26
265 32
266 15
267 30
268 29
269 16
270 32
271 33
272 33
273 44
274 30
275 30
276 27
277 35
278 22
279 34
280 15
281 31
282 27
283 29
284 51
285 46
286 21
287 26
288 41
289 47
290 27
291 21
292 11
293 8
294 5
295 12
296 9
297 13
298 10
299 28
300 20
301 38
302 26
303 38
304 28
305 11
306 4
307 29
308 22
309 34
310 35
311 39
312 25
313 28
314 32
315 25
316 27
317 35
318 26
319 25
320 38
321 25
322 22
323 42
324 30
325 12
326 19
327 37
328 27
329 31
330 40
331 43
332 30
333 50
334 33
335 30
336 26
337 14
338 35
339 42
340 38
341 32
342 22
343 30
344 27
345 32
346 40
347 19
348 32
349 27
350 37
351 34
352 32
353 46
354 33
355 44
356 30
357 9
358 32
359 19
360 21
361 13
362 5
363 20
364 31
365 9
366 19
367 18
368 37
369 21
370 37
371 23
372 20
373 11
374 8
375 0
376 2
377 12
378 8
379 14
380 2
381 2
382 1
383 0
384 0
385 14
386 6
387 0
388 11
389 6
390 16
391 6
392 13
393 19
394 5
395 13
396 6
397 2
398 10
399 20
400 13
401 15
402 30
403 21
404 2
405 18
406 11
407 11
408 10
409 7
410 3
411 8
412 8
413 10
414 0
415 0
416 0
417 0
418 0
419 0
420 0
421 0
422 0
423 0
424 2
425 0
426 0
427 0
428 0
429 0
430 0
431 0
432 0
433 0
434 0
435 0
436 0
437 0
438 0
439 0
440 0
441 0
442 0
443 0
444 0
445 0
446 0
447 0
448 0
449 0
450 0
451 0
452 0
453 0
454 0
455 0
456 0
457 0
458 0
459 0
460 0
461 0
462 0
463 0
464 0
465 0
466 0
467 0
468 0
469 0
470 0
471 0
472 0
473 0
474 0
475 0
476 0
477 0
478 0
479 0
480 0
481 0
482 0
483 0
484 0
485 0
486 0
487 0
488 0
489 0
490 0
491 0
492 0
493 0
494 0
495 0
496 0
497 0
498 0
499 0
500 0
freeSelLabel SER 277==resname UNK
freeSelString (same residue as index 4298) or (resname UNK)
0 12
1 13
2 17
3 9
4 14
5 18
6 11
7 11
8 11
9 17
10 11
11 17
12 17
13 13
14 8
15 8
16 13
17 18
18 8
19 13
20 14
21 11
22 12
23 16
24 14
25 9
26 17
27 16
28 12
29 17
30 12
31 8
32 13
33 12
34 12
35 10
36 18
37 15
38 19
39 15
40 12
41 13
42 13
43 11
44 11
45 11
46 14
47 20
48 21
49 10
50 16
51 15
52 16
53 9
54 12
55 14
56 10
57 17
58 16
59 10
60 17
61 10
62 14
63 12
64 18
65 12
66 14
67 11
68 19
69 11
70 13
71 13
72 9
73 17
74 11
75 16
76 8
77 3
78 2
79 15
80 12
81 8
82 11
83 16
84 17
85 15
86 9
87 13
88 7
89 10
90 16
91 18
92 12
93 17
94 12
95 11
96 10
97 14
98 13
99 12
100 14
101 16
102 17
103 18
104 15
105 10
106 11
107 11
108 15
109 10
110 14
111 13
112 11
113 15
114 10
115 15
116 12
117 10
118 7
119 11
120 13
121 9
122 6
123 10
124 9
125 9
126 9
127 12
128 11
129 10
130 10
131 11
132 19
133 8
134 11
135 20
136 13
137 9
138 12
139 11
140 10
141 15
142 13
143 12
144 12
145 10
146 6
147 11
148 11
149 7
150 14
151 11
152 7
153 13
154 12
155 6
156 3
157 17
158 14
159 9
160 12
161 14
162 12
163 16
164 11
165 14
166 13
167 14
168 12
169 11
170 8
171 13
172 5
173 12
174 9
175 6
176 9
177 13
178 18
179 9
180 14
181 12
182 12
183 16
184 12
185 12
186 8
187 15
188 15
189 20
190 7
191 9
192 7
193 9
194 10
195 11
196 9
197 7
198 9
199 11
200 6
201 13
202 10
203 17
204 18
205 16
206 13
207 15
208 14
209 10
210 4
211 11
212 5
213 11
214 8
215 4
216 7
217 11
218 9
219 11
220 5
221 8
222 8
223 10
224 14
225 10
226 7
227 17
228 12
229 15
230 12
231 13
232 20
233 19
234 13
235 18
236 8
237 11
238 15
239 17
240 21
241 12
242 11
243 12
244 21
245 11
246 17
247 12
248 11
249 11
250 10
251 14
252 11
253 11
254 12
255 11
256 14
257 15
258 17
259 10
260 10
261 12
262 15
263 13
264 8
265 10
266 7
267 13
268 16
269 8
270 15
271 12
272 13
273 15
274 11
275 13
276 15
277 11
278 14
279 13
280 10
281 16
282 12
283 14
284 13
285 13
286 22
287 11
288 21
289 11
290 12
291 11
292 6
293 15
294 15
295 12
296 14
297 13
298 10
299 15
300 20
301 12
302 17
303 18
304 15
305 14
306 17
307 11
308 14
309 19
310 14
311 13
312 7
313 21
314 17
315 12
316 9
317 13
318 12
319 12
320 12
321 11
322 17
323 20
324 13
325 12
326 11
327 12
328 12
329 12
330 16
331 8
332 14
333 10
334 18
335 12
336 15
337 14
338 11
339 21
340 12
341 13
342 8
343 16
344 12
345 20
346 13
347 12
348 11
349 11
350 12
351 11
352 10
353 12
354 5
355 25
356 6
357 17
358 11
359 12
360 11
361 14
362 4
363 16
364 12
365 5
366 4
367 12
368 18
369 10
370 6
371 10
372 7
373 1
374 1
375 1
376 0
377 1
378 1
379 1
380 1
381 0
382 4
383 13
384 1
385 0
386 1
387 1
388 0
389 0
390 0
391 0
392 1
393 0
394 0
395 0
396 0
397 0
398 0
399 0
400 0
401 0
402 1
403 0
404 0
405 0
406 0
407 0
408 0
409 0
410 0
411 0
412 0
413 5
414 0
415 0
416 0
417 0
418 0
419 0
420 0
421 0
422 0
423 0
424 0
425 0
426 0
427 0
428 0
429 0
430 0
431 0
432 0
433 1
434 0
435 0
436 0
437 0
438 0
439 0
440 0
441 0
442 0
443 0
444 0
445 0
446 0
447 0
448 0
449 0
450 0
451 0
452 0
453 0
454 0
455 0
456 0
457 0
458 0
459 0
460 0
461 0
462 0
463 0
464 0
465 0
466 0
467 0
468 0
469 0
470 0
471 0
472 1
473 0
474 0
475 0
476 0
477 0
478 0
479 0
480 0
481 0
482 0
483 0
484 0
485 0
486 0
487 0
488 0
489 0
490 0
491 0
492 0
493 0
494 0
495 0
496 0
497 0
498 0
499 0
500 0
freeSelLabel HSD 278==resname UNK
freeSelString (same residue as index 4309) or (resname UNK)
0 11
1 15
2 15
3 13
4 17
5 15
6 21
7 13
8 15
9 15
10 18
11 11
12 7
13 15
14 4
15 10
16 22
17 18
18 17
19 18
20 20
21 19
22 16
23 17
24 12
25 8
26 16
27 7
28 16
29 14
30 8
31 22
32 2
33 16
34 23
35 20
36 13
37 24
38 18
39 15
40 23
41 12
42 19
43 11
44 25
45 17
46 19
47 22
48 1
49 17
50 10
51 4
52 9
53 15
54 14
55 14
56 20
57 17
58 22
59 13
60 0
61 5
62 8
63 13
64 19
65 15
66 16
67 21
68 17
69 22
70 15
71 17
72 20
73 15
74 19
75 17
76 15
77 22
78 23
79 13
80 20
81 10
82 3
83 25
84 7
85 20
86 25
87 12
88 25
89 16
90 20
91 11
92 22
93 7
94 19
95 17
96 17
97 11
98 8
99 24
100 18
101 8
102 12
103 1
104 8
105 15
106 3
107 8
108 3
109 10
110 8
111 6
112 19
113 14
114 9
115 4
116 12
117 9
118 7
119 21
120 19
121 17
122 10
123 20
124 12
125 24
126 13
127 16
128 19
129 11
130 23
131 18
132 18
133 14
134 11
135 21
136 13
137 20
138 22
139 16
140 25
141 16
142 12
143 13
144 12
145 25
146 28
147 25
148 23
149 22
150 20
151 12
152 17
153 22
154 6
155 19
156 21
157 21
158 11
159 9
160 18
161 24
162 17
163 11
164 14
165 23
166 5
167 12
168 12
169 16
170 25
171 22
172 20
173 15
174 21
175 16
176 20
177 18
178 19
179 22
180 21
181 19
182 22
183 16
184 14
185 24
186 21
187 4
188 22
189 14
190 8
191 7
192 12
193 8
194 10
195 20
196 10
197 20
198 28
199 16
200 25
201 15
202 14
203 9
204 17
205 16
206 20
207 12
208 12
209 5
210 23
211 19
212 22
213 23
214 13
215 21
216 21
217 15
218 1
219 14
220 20
221 19
222 21
223 11
224 21
225 19
226 22
227 20
228 20
229 9
230 12
231 13
232 13
233 6
234 15
235 20
236 14
237 14
238 19
239 7
240 9
241 24
242 4
243 13
244 20
245 16
246 17
247 15
248 8
249 17
250 19
251 21
252 23
253 21
254 16
255 19
256 13
257 12
258 13
259 10
260 14
261 15
262 5
263 2
264 4
265 9
266 23
267 10
268 17
269 18
270 26
271 18
272 14
273 10
274 13
275 6
276 14
277 5
278 11
279 11
280 1
281 8
282 3
283 9
284 1
285 6
286 14
287 12
288 14
289 25
290 13
291 14
292 10
293 17
294 9
295 17
296 12
297 18
298 17
299 14
300 15
301 5
302 13
303 20
304 16
305 7
306 22
307 19
308 14
309 23
310 10
311 23
312 19
313 15
314 12
315 15
316 15
317 14
318 13
319 6
320 6
321 17
322 11
323 24
324 22
325 7
326 9
327 14
328 19
329 18
330 15
331 16
332 12
333 16
334 10
335 17
336 14
337 2
338 14
339 14
340 13
341 6
342 7
343 5
344 0
345 4
346 12
347 9
348 19
349 13
350 13
351 17
352 12
353 10
354 12
355 19
356 12
357 18
358 11
359 3
360 7
361 16
362 0
363 22
364 9
365 14
366 6
367 9
368 15
369 1
370 5
371 2
372 6
373 0
374 0
375 9
376 6
377 7
378 0
379 0
380 0
381 6
382 1
383 0
384 1
385 1
386 3
387 0
388 4
389 0
390 1
391 2
392 0
393 6
394 2
395 0
396 0
397 1
398 2
399 2
400 5
401 1
402 4
403 4
404 4
405 10
406 2
407 12
408 3
409 4
410 8
411 2
412 4
413 5
414 1
415 0
416 5
417 0
418 4
419 3
420 4
421 0
422 5
423 1
424 19
425 3
426 2
427 6
428 1
429 11
430 0
431 5
432 8
433 0
434 6
435 0
436 1
437 2
438 4
439 0
440 6
441 2
442 1
443 0
444 0
445 0
446 5
447 0
448 0
449 0
450 0
451 0
452 0
453 0
454 1
455 0
456 0
457 0
458 0
459 0
460 0
461 0
462 0
463 0
464 0
465 0
466 0
467 0
468 0
469 1
470 0
471 0
472 1
473 0
474 0
475 1
476 0
477 0
478 0
479 0
480 0
481 0
482 0
483 8
484 0
485 0
486 0
487 0
488 0
489 0
490 0
491 0
492 0
493 2
494 0
495 0
496 0
497 0
498 0
499 1
500 0
