# VMD Timeline data file
# CREATOR= annie
# MOL_NAME= mod1_50ns.gro
# DATA_TITLE= inter-sel. contacts
# FILE_VERSION= 1.4
# NUM_FRAMES= 501 
# NUM_ITEMS= 7
# FREE_SELECTION= 1
#
freeSelLabel ALA 63==resname UNK
freeSelString (same residue as index 933) or (resname UNK)
0 0
1 0
2 0
3 0
4 0
5 0
6 0
7 0
8 0
9 0
10 0
11 0
12 0
13 0
14 0
15 0
16 0
17 0
18 0
19 0
20 0
21 0
22 0
23 0
24 0
25 0
26 0
27 0
28 0
29 0
30 0
31 0
32 0
33 0
34 0
35 0
36 0
37 0
38 0
39 0
40 0
41 0
42 1
43 11
44 8
45 5
46 13
47 16
48 17
49 4
50 11
51 16
52 7
53 5
54 11
55 0
56 12
57 6
58 2
59 13
60 12
61 3
62 20
63 14
64 0
65 9
66 1
67 10
68 18
69 18
70 12
71 11
72 13
73 9
74 8
75 2
76 15
77 5
78 0
79 6
80 2
81 16
82 12
83 18
84 4
85 21
86 5
87 9
88 3
89 21
90 2
91 7
92 12
93 4
94 5
95 8
96 15
97 18
98 16
99 13
100 12
101 16
102 19
103 9
104 23
105 16
106 20
107 21
108 8
109 3
110 17
111 14
112 12
113 5
114 2
115 10
116 16
117 19
118 15
119 11
120 17
121 11
122 13
123 23
124 18
125 19
126 16
127 16
128 9
129 10
130 15
131 19
132 12
133 16
134 22
135 0
136 18
137 1
138 6
139 10
140 0
141 6
142 0
143 9
144 14
145 10
146 12
147 6
148 15
149 15
150 18
151 11
152 8
153 16
154 18
155 10
156 6
157 10
158 10
159 16
160 27
161 8
162 8
163 10
164 2
165 13
166 10
167 14
168 9
169 13
170 10
171 19
172 16
173 9
174 20
175 18
176 23
177 9
178 5
179 11
180 15
181 11
182 9
183 6
184 17
185 22
186 18
187 18
188 15
189 8
190 10
191 17
192 0
193 0
194 0
195 0
196 0
197 0
198 0
199 0
200 0
201 0
202 0
203 0
204 0
205 5
206 21
207 12
208 19
209 8
210 19
211 9
212 1
213 0
214 14
215 9
216 9
217 8
218 10
219 9
220 9
221 7
222 7
223 11
224 6
225 11
226 3
227 9
228 7
229 14
230 9
231 14
232 17
233 24
234 11
235 9
236 2
237 13
238 7
239 7
240 2
241 10
242 15
243 4
244 12
245 6
246 9
247 10
248 8
249 8
250 5
251 22
252 6
253 17
254 16
255 9
256 13
257 11
258 9
259 9
260 15
261 5
262 9
263 6
264 5
265 6
266 5
267 8
268 16
269 10
270 8
271 12
272 6
273 10
274 9
275 14
276 24
277 20
278 19
279 16
280 25
281 14
282 18
283 6
284 19
285 2
286 25
287 17
288 15
289 2
290 26
291 9
292 21
293 16
294 1
295 7
296 8
297 1
298 12
299 9
300 3
301 6
302 11
303 15
304 5
305 0
306 19
307 0
308 13
309 0
310 0
311 0
312 0
313 0
314 0
315 0
316 0
317 0
318 0
319 0
320 0
321 0
322 0
323 0
324 0
325 0
326 0
327 0
328 0
329 0
330 2
331 0
332 1
333 0
334 0
335 14
336 1
337 2
338 0
339 0
340 0
341 0
342 0
343 0
344 2
345 0
346 0
347 0
348 0
349 0
350 0
351 0
352 0
353 0
354 0
355 0
356 0
357 0
358 0
359 0
360 0
361 0
362 0
363 0
364 0
365 0
366 0
367 0
368 0
369 0
370 0
371 1
372 0
373 1
374 0
375 0
376 0
377 0
378 0
379 0
380 0
381 0
382 0
383 0
384 0
385 0
386 0
387 0
388 0
389 0
390 0
391 0
392 0
393 0
394 0
395 0
396 0
397 0
398 1
399 2
400 0
401 16
402 0
403 0
404 0
405 0
406 1
407 0
408 0
409 0
410 0
411 0
412 0
413 0
414 0
415 0
416 0
417 0
418 0
419 2
420 5
421 0
422 0
423 0
424 0
425 1
426 0
427 0
428 0
429 0
430 0
431 0
432 0
433 0
434 0
435 0
436 0
437 0
438 0
439 0
440 0
441 0
442 0
443 0
444 0
445 0
446 0
447 0
448 0
449 0
450 0
451 0
452 0
453 0
454 0
455 0
456 0
457 0
458 0
459 0
460 0
461 0
462 4
463 0
464 0
465 0
466 0
467 0
468 9
469 0
470 2
471 15
472 0
473 1
474 0
475 40
476 3
477 1
478 2
479 2
480 0
481 2
482 9
483 4
484 13
485 19
486 7
487 25
488 11
489 19
490 11
491 6
492 21
493 7
494 24
495 16
496 4
497 0
498 1
499 0
500 11
freeSelLabel ILE 64==resname UNK
freeSelString (same residue as index 943) or (resname UNK)
0 0
1 0
2 0
3 0
4 0
5 0
6 0
7 0
8 0
9 0
10 0
11 0
12 0
13 0
14 0
15 0
16 0
17 0
18 0
19 0
20 0
21 0
22 0
23 0
24 0
25 0
26 0
27 0
28 0
29 0
30 0
31 0
32 0
33 0
34 0
35 0
36 0
37 0
38 0
39 0
40 0
41 0
42 0
43 0
44 0
45 0
46 0
47 0
48 0
49 0
50 0
51 0
52 0
53 0
54 0
55 0
56 0
57 0
58 0
59 0
60 0
61 0
62 0
63 0
64 0
65 0
66 0
67 0
68 0
69 0
70 0
71 0
72 0
73 0
74 0
75 0
76 0
77 0
78 0
79 0
80 0
81 0
82 0
83 0
84 0
85 0
86 0
87 0
88 0
89 0
90 0
91 0
92 0
93 0
94 0
95 0
96 0
97 0
98 0
99 0
100 0
101 0
102 0
103 0
104 0
105 0
106 0
107 0
108 0
109 0
110 0
111 0
112 0
113 0
114 0
115 0
116 0
117 0
118 0
119 0
120 0
121 0
122 0
123 0
124 0
125 0
126 0
127 0
128 0
129 0
130 0
131 0
132 0
133 0
134 0
135 0
136 0
137 0
138 0
139 0
140 0
141 0
142 0
143 0
144 0
145 0
146 0
147 0
148 0
149 0
150 0
151 0
152 0
153 0
154 0
155 0
156 0
157 0
158 0
159 0
160 0
161 0
162 0
163 0
164 0
165 0
166 0
167 0
168 0
169 0
170 0
171 0
172 0
173 0
174 0
175 0
176 0
177 0
178 0
179 0
180 0
181 0
182 0
183 0
184 0
185 0
186 0
187 0
188 0
189 0
190 0
191 0
192 0
193 0
194 0
195 0
196 0
197 0
198 0
199 0
200 0
201 0
202 0
203 0
204 0
205 0
206 0
207 0
208 0
209 0
210 0
211 0
212 0
213 0
214 0
215 0
216 0
217 0
218 0
219 0
220 0
221 0
222 0
223 0
224 0
225 0
226 0
227 0
228 0
229 0
230 0
231 0
232 0
233 0
234 0
235 0
236 0
237 0
238 0
239 0
240 0
241 0
242 0
243 0
244 0
245 0
246 0
247 0
248 0
249 0
250 0
251 0
252 0
253 0
254 0
255 0
256 0
257 0
258 0
259 0
260 0
261 0
262 0
263 0
264 0
265 0
266 0
267 0
268 0
269 0
270 0
271 0
272 0
273 0
274 2
275 4
276 11
277 7
278 13
279 15
280 12
281 0
282 4
283 29
284 34
285 19
286 42
287 34
288 23
289 31
290 42
291 44
292 23
293 17
294 8
295 26
296 31
297 5
298 34
299 36
300 47
301 22
302 21
303 13
304 14
305 20
306 14
307 14
308 18
309 1
310 22
311 38
312 12
313 6
314 8
315 12
316 44
317 13
318 14
319 14
320 17
321 10
322 15
323 29
324 13
325 8
326 32
327 16
328 15
329 5
330 18
331 16
332 35
333 17
334 3
335 8
336 8
337 29
338 12
339 8
340 9
341 7
342 11
343 8
344 0
345 1
346 17
347 11
348 27
349 10
350 6
351 5
352 7
353 25
354 6
355 21
356 25
357 15
358 11
359 8
360 18
361 4
362 9
363 9
364 7
365 24
366 17
367 19
368 10
369 4
370 9
371 5
372 9
373 20
374 1
375 9
376 9
377 9
378 11
379 9
380 24
381 24
382 19
383 5
384 3
385 4
386 12
387 16
388 13
389 13
390 20
391 1
392 19
393 18
394 9
395 18
396 31
397 10
398 21
399 19
400 16
401 26
402 18
403 12
404 19
405 8
406 24
407 7
408 10
409 10
410 11
411 28
412 12
413 10
414 11
415 10
416 10
417 6
418 16
419 22
420 1
421 21
422 8
423 14
424 25
425 13
426 15
427 12
428 11
429 11
430 19
431 6
432 16
433 5
434 16
435 22
436 1
437 9
438 22
439 14
440 9
441 12
442 13
443 3
444 4
445 8
446 7
447 9
448 0
449 13
450 15
451 15
452 9
453 7
454 3
455 0
456 1
457 0
458 12
459 4
460 2
461 19
462 33
463 3
464 12
465 6
466 8
467 3
468 39
469 17
470 17
471 33
472 13
473 11
474 11
475 17
476 20
477 15
478 10
479 23
480 21
481 12
482 13
483 13
484 19
485 11
486 14
487 10
488 8
489 29
490 43
491 15
492 20
493 12
494 21
495 24
496 11
497 12
498 13
499 16
500 19
freeSelLabel SER 67==resname UNK
freeSelString (same residue as index 995) or (resname UNK)
0 0
1 0
2 0
3 0
4 0
5 0
6 0
7 0
8 0
9 0
10 0
11 0
12 0
13 0
14 0
15 0
16 0
17 0
18 0
19 0
20 0
21 0
22 0
23 0
24 0
25 0
26 0
27 0
28 0
29 0
30 0
31 0
32 0
33 0
34 0
35 0
36 0
37 0
38 0
39 0
40 0
41 0
42 0
43 2
44 2
45 3
46 6
47 2
48 2
49 1
50 0
51 1
52 0
53 0
54 6
55 0
56 0
57 1
58 2
59 2
60 11
61 7
62 4
63 5
64 1
65 7
66 7
67 2
68 10
69 8
70 4
71 7
72 7
73 2
74 2
75 2
76 4
77 6
78 3
79 0
80 0
81 3
82 2
83 2
84 2
85 0
86 2
87 2
88 1
89 2
90 0
91 2
92 2
93 2
94 0
95 0
96 4
97 4
98 4
99 0
100 5
101 7
102 7
103 2
104 13
105 8
106 2
107 7
108 0
109 2
110 7
111 5
112 6
113 4
114 2
115 9
116 6
117 10
118 1
119 2
120 2
121 0
122 7
123 9
124 10
125 7
126 11
127 4
128 8
129 11
130 12
131 8
132 8
133 5
134 5
135 2
136 4
137 7
138 3
139 2
140 0
141 2
142 2
143 6
144 6
145 4
146 10
147 7
148 9
149 7
150 13
151 12
152 6
153 6
154 13
155 4
156 6
157 9
158 2
159 2
160 7
161 0
162 2
163 8
164 2
165 2
166 4
167 0
168 1
169 0
170 5
171 11
172 13
173 8
174 13
175 9
176 16
177 3
178 4
179 12
180 5
181 5
182 7
183 9
184 9
185 17
186 11
187 6
188 3
189 4
190 6
191 4
192 0
193 0
194 0
195 0
196 0
197 0
198 0
199 0
200 0
201 0
202 0
203 0
204 0
205 3
206 18
207 17
208 21
209 5
210 14
211 6
212 9
213 3
214 7
215 9
216 10
217 11
218 11
219 6
220 6
221 7
222 9
223 6
224 8
225 10
226 5
227 11
228 10
229 11
230 8
231 6
232 8
233 7
234 8
235 10
236 6
237 11
238 7
239 8
240 6
241 10
242 6
243 7
244 7
245 16
246 9
247 10
248 9
249 12
250 8
251 5
252 1
253 13
254 10
255 8
256 6
257 5
258 5
259 11
260 9
261 6
262 10
263 2
264 9
265 10
266 7
267 11
268 7
269 7
270 13
271 10
272 10
273 9
274 22
275 6
276 22
277 24
278 7
279 10
280 7
281 15
282 3
283 21
284 30
285 8
286 26
287 33
288 26
289 20
290 33
291 29
292 32
293 41
294 33
295 37
296 20
297 11
298 24
299 25
300 28
301 32
302 32
303 24
304 23
305 27
306 31
307 51
308 57
309 41
310 32
311 37
312 38
313 29
314 43
315 24
316 32
317 22
318 35
319 29
320 31
321 47
322 36
323 33
324 55
325 47
326 49
327 38
328 32
329 31
330 45
331 40
332 33
333 52
334 40
335 44
336 58
337 37
338 31
339 25
340 28
341 28
342 35
343 30
344 30
345 36
346 49
347 37
348 37
349 26
350 39
351 31
352 30
353 36
354 43
355 40
356 26
357 28
358 17
359 34
360 37
361 30
362 33
363 35
364 33
365 39
366 50
367 39
368 34
369 37
370 47
371 46
372 60
373 43
374 37
375 44
376 35
377 52
378 42
379 29
380 26
381 30
382 33
383 35
384 22
385 19
386 33
387 42
388 35
389 45
390 39
391 29
392 34
393 41
394 41
395 25
396 33
397 35
398 34
399 43
400 36
401 47
402 38
403 45
404 43
405 36
406 38
407 30
408 35
409 40
410 40
411 54
412 33
413 41
414 48
415 41
416 49
417 42
418 50
419 43
420 44
421 50
422 39
423 37
424 43
425 37
426 42
427 38
428 45
429 18
430 38
431 36
432 37
433 30
434 32
435 36
436 18
437 33
438 32
439 37
440 44
441 42
442 37
443 23
444 35
445 32
446 40
447 31
448 35
449 22
450 35
451 22
452 30
453 12
454 22
455 19
456 20
457 16
458 8
459 26
460 18
461 11
462 44
463 27
464 26
465 33
466 42
467 24
468 44
469 40
470 18
471 40
472 20
473 49
474 30
475 51
476 41
477 44
478 27
479 25
480 21
481 40
482 40
483 35
484 22
485 39
486 57
487 54
488 26
489 50
490 27
491 38
492 44
493 30
494 39
495 48
496 23
497 28
498 19
499 16
500 36
freeSelLabel LEU 267==resname UNK
freeSelString (same residue as index 4115) or (resname UNK)
0 0
1 0
2 0
3 0
4 0
5 0
6 0
7 0
8 0
9 0
10 0
11 0
12 0
13 0
14 0
15 0
16 0
17 0
18 0
19 0
20 0
21 0
22 0
23 0
24 0
25 0
26 0
27 0
28 0
29 0
30 0
31 0
32 0
33 0
34 0
35 0
36 0
37 0
38 0
39 0
40 0
41 0
42 0
43 0
44 0
45 0
46 0
47 0
48 0
49 0
50 0
51 0
52 0
53 0
54 0
55 0
56 0
57 0
58 0
59 0
60 0
61 0
62 0
63 0
64 0
65 0
66 0
67 0
68 0
69 0
70 0
71 0
72 0
73 0
74 0
75 0
76 0
77 0
78 0
79 0
80 0
81 0
82 0
83 0
84 0
85 0
86 0
87 0
88 0
89 0
90 0
91 0
92 0
93 0
94 0
95 0
96 0
97 0
98 0
99 0
100 0
101 0
102 0
103 0
104 0
105 0
106 0
107 0
108 0
109 0
110 0
111 0
112 0
113 0
114 0
115 0
116 0
117 0
118 0
119 0
120 0
121 0
122 0
123 0
124 0
125 0
126 0
127 0
128 0
129 0
130 0
131 0
132 0
133 0
134 0
135 0
136 0
137 0
138 0
139 0
140 0
141 0
142 0
143 0
144 0
145 0
146 0
147 0
148 0
149 0
150 0
151 0
152 0
153 0
154 0
155 0
156 0
157 0
158 0
159 0
160 0
161 0
162 0
163 0
164 0
165 0
166 0
167 0
168 0
169 0
170 0
171 0
172 0
173 0
174 0
175 0
176 0
177 0
178 0
179 0
180 0
181 0
182 0
183 0
184 0
185 0
186 0
187 0
188 0
189 0
190 0
191 0
192 0
193 0
194 0
195 0
196 0
197 0
198 0
199 0
200 0
201 0
202 0
203 0
204 0
205 0
206 0
207 0
208 0
209 0
210 0
211 0
212 0
213 0
214 0
215 0
216 0
217 0
218 0
219 0
220 0
221 0
222 0
223 0
224 0
225 0
226 0
227 0
228 0
229 0
230 0
231 0
232 0
233 0
234 0
235 0
236 0
237 0
238 0
239 0
240 0
241 0
242 0
243 0
244 0
245 0
246 0
247 0
248 0
249 0
250 0
251 0
252 0
253 0
254 0
255 0
256 0
257 0
258 0
259 0
260 0
261 0
262 0
263 0
264 0
265 0
266 0
267 0
268 0
269 0
270 0
271 0
272 0
273 0
274 0
275 0
276 0
277 0
278 0
279 0
280 0
281 0
282 0
283 4
284 19
285 16
286 21
287 6
288 16
289 9
290 6
291 6
292 0
293 2
294 12
295 17
296 4
297 18
298 28
299 11
300 13
301 9
302 16
303 15
304 14
305 16
306 18
307 0
308 20
309 18
310 0
311 0
312 1
313 0
314 0
315 17
316 0
317 5
318 13
319 9
320 20
321 22
322 32
323 10
324 6
325 15
326 7
327 6
328 17
329 14
330 16
331 18
332 11
333 13
334 8
335 3
336 8
337 32
338 17
339 16
340 11
341 8
342 5
343 9
344 25
345 8
346 15
347 16
348 17
349 2
350 17
351 8
352 8
353 4
354 2
355 18
356 15
357 16
358 27
359 16
360 12
361 18
362 12
363 13
364 22
365 26
366 25
367 32
368 28
369 1
370 26
371 21
372 13
373 14
374 4
375 18
376 16
377 11
378 16
379 8
380 13
381 2
382 10
383 0
384 12
385 0
386 8
387 8
388 15
389 14
390 15
391 23
392 1
393 10
394 3
395 2
396 5
397 8
398 6
399 13
400 22
401 0
402 0
403 16
404 12
405 11
406 1
407 13
408 5
409 19
410 12
411 0
412 9
413 0
414 14
415 11
416 15
417 26
418 16
419 11
420 19
421 14
422 26
423 17
424 0
425 4
426 14
427 18
428 25
429 15
430 4
431 2
432 16
433 15
434 14
435 1
436 7
437 6
438 9
439 0
440 31
441 23
442 13
443 8
444 1
445 12
446 16
447 16
448 9
449 5
450 19
451 15
452 9
453 22
454 16
455 12
456 11
457 16
458 22
459 3
460 22
461 11
462 0
463 5
464 15
465 11
466 22
467 8
468 13
469 19
470 13
471 12
472 7
473 23
474 29
475 11
476 26
477 13
478 17
479 12
480 10
481 24
482 8
483 12
484 19
485 24
486 12
487 15
488 30
489 10
490 6
491 7
492 24
493 19
494 13
495 9
496 18
497 31
498 15
499 12
500 11
freeSelLabel MET 270==resname UNK
freeSelString (same residue as index 4177) or (resname UNK)
0 11
1 12
2 8
3 4
4 15
5 13
6 6
7 4
8 9
9 5
10 4
11 4
12 8
13 8
14 7
15 10
16 12
17 13
18 13
19 0
20 0
21 0
22 0
23 13
24 5
25 6
26 1
27 12
28 10
29 11
30 14
31 12
32 2
33 3
34 12
35 7
36 11
37 2
38 0
39 0
40 0
41 0
42 0
43 0
44 0
45 0
46 0
47 0
48 0
49 0
50 0
51 0
52 0
53 0
54 0
55 0
56 0
57 0
58 0
59 0
60 0
61 0
62 0
63 0
64 0
65 0
66 0
67 0
68 0
69 0
70 0
71 0
72 0
73 0
74 0
75 0
76 0
77 0
78 0
79 0
80 0
81 0
82 0
83 0
84 0
85 0
86 0
87 0
88 0
89 0
90 0
91 0
92 0
93 0
94 0
95 0
96 0
97 0
98 0
99 0
100 0
101 0
102 0
103 0
104 0
105 0
106 0
107 0
108 0
109 0
110 0
111 0
112 0
113 0
114 0
115 0
116 0
117 0
118 0
119 0
120 0
121 0
122 0
123 0
124 0
125 0
126 0
127 0
128 0
129 0
130 0
131 0
132 0
133 0
134 0
135 0
136 0
137 0
138 0
139 0
140 0
141 0
142 0
143 0
144 0
145 0
146 0
147 0
148 0
149 0
150 0
151 0
152 0
153 0
154 0
155 0
156 0
157 0
158 0
159 0
160 0
161 0
162 0
163 0
164 0
165 0
166 0
167 0
168 0
169 0
170 0
171 0
172 0
173 0
174 0
175 0
176 0
177 0
178 0
179 0
180 0
181 0
182 0
183 0
184 0
185 0
186 0
187 0
188 0
189 0
190 0
191 0
192 0
193 0
194 0
195 0
196 5
197 10
198 16
199 9
200 14
201 1
202 7
203 16
204 5
205 13
206 0
207 0
208 0
209 9
210 0
211 0
212 2
213 0
214 0
215 0
216 0
217 0
218 0
219 0
220 0
221 0
222 0
223 0
224 0
225 0
226 0
227 0
228 0
229 0
230 0
231 0
232 5
233 0
234 0
235 0
236 0
237 0
238 0
239 0
240 0
241 0
242 0
243 0
244 0
245 0
246 4
247 6
248 0
249 2
250 0
251 0
252 0
253 0
254 0
255 0
256 9
257 0
258 0
259 0
260 0
261 0
262 0
263 0
264 0
265 0
266 0
267 0
268 0
269 0
270 0
271 0
272 10
273 22
274 20
275 43
276 25
277 3
278 36
279 30
280 26
281 32
282 23
283 24
284 42
285 44
286 38
287 41
288 47
289 35
290 46
291 46
292 39
293 43
294 55
295 35
296 47
297 49
298 39
299 69
300 48
301 27
302 43
303 45
304 62
305 53
306 51
307 37
308 61
309 37
310 42
311 29
312 50
313 45
314 41
315 36
316 31
317 46
318 39
319 41
320 27
321 28
322 58
323 34
324 29
325 15
326 22
327 41
328 33
329 35
330 40
331 40
332 26
333 16
334 26
335 33
336 43
337 54
338 38
339 29
340 35
341 49
342 40
343 57
344 31
345 20
346 38
347 28
348 23
349 34
350 39
351 23
352 25
353 31
354 34
355 24
356 23
357 47
358 30
359 34
360 29
361 49
362 30
363 20
364 30
365 59
366 57
367 65
368 48
369 48
370 54
371 30
372 44
373 27
374 41
375 28
376 69
377 39
378 55
379 50
380 50
381 45
382 40
383 35
384 34
385 21
386 43
387 43
388 35
389 29
390 44
391 41
392 59
393 53
394 35
395 31
396 47
397 51
398 42
399 41
400 36
401 28
402 27
403 48
404 38
405 32
406 39
407 34
408 35
409 45
410 23
411 12
412 32
413 36
414 27
415 42
416 51
417 44
418 46
419 19
420 37
421 46
422 43
423 44
424 39
425 50
426 41
427 43
428 49
429 49
430 27
431 35
432 57
433 31
434 53
435 42
436 39
437 31
438 28
439 40
440 47
441 62
442 47
443 53
444 32
445 45
446 37
447 36
448 38
449 31
450 36
451 29
452 36
453 42
454 38
455 37
456 28
457 35
458 42
459 16
460 47
461 54
462 37
463 27
464 14
465 25
466 21
467 32
468 20
469 54
470 29
471 49
472 28
473 44
474 31
475 20
476 32
477 42
478 33
479 32
480 40
481 35
482 37
483 33
484 35
485 37
486 21
487 25
488 49
489 37
490 18
491 41
492 41
493 64
494 33
495 28
496 43
497 50
498 45
499 27
500 16
freeSelLabel TYR 271==resname UNK
freeSelString (same residue as index 4194) or (resname UNK)
0 0
1 0
2 0
3 0
4 0
5 0
6 0
7 0
8 0
9 0
10 0
11 0
12 0
13 0
14 0
15 0
16 0
17 0
18 0
19 0
20 0
21 0
22 0
23 0
24 0
25 0
26 0
27 0
28 0
29 0
30 0
31 0
32 0
33 0
34 0
35 0
36 0
37 0
38 0
39 0
40 0
41 0
42 0
43 0
44 0
45 0
46 0
47 0
48 0
49 0
50 0
51 0
52 0
53 0
54 0
55 0
56 0
57 0
58 0
59 0
60 0
61 0
62 0
63 0
64 0
65 0
66 0
67 0
68 0
69 0
70 0
71 0
72 0
73 0
74 0
75 0
76 0
77 0
78 0
79 0
80 0
81 0
82 0
83 0
84 0
85 0
86 0
87 0
88 0
89 0
90 0
91 0
92 0
93 0
94 0
95 0
96 0
97 0
98 0
99 0
100 0
101 0
102 0
103 0
104 0
105 0
106 0
107 0
108 0
109 0
110 0
111 0
112 0
113 0
114 0
115 0
116 0
117 0
118 0
119 0
120 0
121 0
122 0
123 0
124 0
125 0
126 0
127 0
128 0
129 0
130 0
131 0
132 0
133 0
134 0
135 0
136 0
137 0
138 0
139 0
140 0
141 0
142 0
143 0
144 0
145 0
146 0
147 0
148 0
149 0
150 0
151 0
152 0
153 0
154 0
155 0
156 0
157 0
158 0
159 0
160 0
161 0
162 0
163 0
164 0
165 0
166 0
167 0
168 0
169 0
170 0
171 0
172 0
173 0
174 0
175 0
176 0
177 0
178 0
179 0
180 0
181 0
182 0
183 0
184 0
185 0
186 0
187 0
188 0
189 0
190 0
191 0
192 0
193 0
194 0
195 0
196 0
197 0
198 0
199 0
200 0
201 0
202 0
203 0
204 0
205 0
206 0
207 0
208 0
209 0
210 0
211 0
212 0
213 0
214 0
215 0
216 0
217 0
218 0
219 0
220 0
221 0
222 0
223 0
224 0
225 0
226 0
227 0
228 0
229 0
230 0
231 0
232 0
233 0
234 0
235 0
236 0
237 0
238 0
239 0
240 0
241 0
242 0
243 0
244 0
245 0
246 0
247 0
248 0
249 0
250 0
251 0
252 0
253 0
254 0
255 0
256 0
257 0
258 0
259 0
260 0
261 0
262 0
263 0
264 0
265 0
266 0
267 0
268 0
269 0
270 0
271 0
272 0
273 0
274 0
275 0
276 0
277 0
278 0
279 0
280 0
281 0
282 0
283 5
284 11
285 18
286 8
287 11
288 17
289 6
290 7
291 2
292 3
293 0
294 7
295 12
296 13
297 1
298 16
299 10
300 16
301 11
302 30
303 23
304 44
305 4
306 0
307 4
308 27
309 19
310 19
311 8
312 22
313 21
314 6
315 29
316 18
317 19
318 27
319 6
320 24
321 26
322 47
323 12
324 16
325 15
326 18
327 22
328 24
329 14
330 25
331 29
332 28
333 19
334 28
335 34
336 25
337 36
338 28
339 7
340 15
341 15
342 33
343 25
344 10
345 22
346 8
347 29
348 16
349 9
350 23
351 10
352 33
353 17
354 27
355 32
356 30
357 29
358 29
359 24
360 28
361 21
362 27
363 31
364 33
365 29
366 33
367 19
368 36
369 24
370 29
371 32
372 16
373 19
374 32
375 21
376 35
377 19
378 24
379 0
380 32
381 5
382 5
383 14
384 6
385 4
386 17
387 33
388 34
389 20
390 30
391 6
392 17
393 22
394 10
395 9
396 20
397 24
398 18
399 24
400 29
401 28
402 19
403 31
404 24
405 9
406 12
407 14
408 6
409 18
410 7
411 4
412 2
413 7
414 8
415 5
416 21
417 23
418 1
419 12
420 23
421 27
422 21
423 28
424 14
425 12
426 23
427 7
428 32
429 25
430 14
431 19
432 24
433 31
434 17
435 17
436 17
437 15
438 19
439 12
440 30
441 43
442 31
443 32
444 28
445 19
446 14
447 11
448 40
449 32
450 49
451 23
452 29
453 24
454 18
455 19
456 18
457 4
458 28
459 29
460 3
461 7
462 13
463 5
464 23
465 4
466 9
467 10
468 9
469 23
470 24
471 21
472 21
473 22
474 29
475 23
476 30
477 16
478 29
479 20
480 22
481 34
482 27
483 27
484 36
485 35
486 33
487 12
488 36
489 22
490 24
491 11
492 40
493 33
494 22
495 22
496 14
497 46
498 8
499 15
500 28
freeSelLabel ILE 274==resname UNK
freeSelString (same residue as index 4244) or (resname UNK)
0 0
1 0
2 0
3 0
4 0
5 0
6 0
7 0
8 0
9 0
10 0
11 0
12 5
13 0
14 0
15 0
16 0
17 0
18 8
19 0
20 0
21 0
22 0
23 0
24 15
25 0
26 0
27 0
28 0
29 0
30 0
31 0
32 0
33 0
34 0
35 0
36 1
37 6
38 0
39 0
40 0
41 0
42 0
43 0
44 0
45 0
46 0
47 0
48 0
49 0
50 0
51 0
52 0
53 0
54 0
55 0
56 0
57 0
58 0
59 0
60 0
61 0
62 0
63 0
64 0
65 0
66 0
67 0
68 0
69 0
70 0
71 0
72 0
73 0
74 0
75 0
76 0
77 0
78 0
79 0
80 0
81 0
82 0
83 0
84 0
85 0
86 0
87 0
88 0
89 0
90 0
91 0
92 0
93 0
94 0
95 0
96 0
97 0
98 0
99 0
100 0
101 0
102 0
103 0
104 0
105 0
106 0
107 0
108 0
109 0
110 0
111 0
112 0
113 0
114 0
115 0
116 0
117 0
118 0
119 0
120 0
121 0
122 0
123 0
124 0
125 0
126 0
127 0
128 0
129 0
130 0
131 0
132 0
133 0
134 0
135 0
136 0
137 0
138 0
139 0
140 0
141 0
142 0
143 0
144 0
145 0
146 0
147 0
148 0
149 0
150 0
151 0
152 0
153 0
154 0
155 0
156 0
157 0
158 0
159 0
160 0
161 0
162 0
163 0
164 0
165 0
166 0
167 0
168 0
169 0
170 0
171 0
172 0
173 0
174 0
175 0
176 0
177 0
178 0
179 0
180 0
181 0
182 0
183 0
184 0
185 0
186 0
187 0
188 0
189 0
190 0
191 0
192 0
193 0
194 0
195 0
196 0
197 0
198 0
199 0
200 0
201 0
202 0
203 0
204 0
205 0
206 0
207 0
208 0
209 0
210 0
211 0
212 0
213 0
214 0
215 0
216 0
217 0
218 0
219 0
220 0
221 0
222 0
223 0
224 0
225 0
226 0
227 0
228 0
229 0
230 0
231 0
232 0
233 0
234 0
235 0
236 0
237 0
238 0
239 0
240 0
241 0
242 0
243 0
244 0
245 0
246 0
247 0
248 0
249 0
250 0
251 0
252 0
253 0
254 0
255 0
256 6
257 4
258 0
259 3
260 1
261 0
262 0
263 0
264 0
265 0
266 0
267 0
268 2
269 0
270 0
271 0
272 8
273 18
274 5
275 15
276 11
277 0
278 21
279 10
280 22
281 14
282 9
283 24
284 26
285 28
286 16
287 7
288 23
289 29
290 28
291 12
292 26
293 11
294 1
295 20
296 19
297 8
298 10
299 32
300 17
301 18
302 22
303 26
304 33
305 37
306 2
307 13
308 7
309 9
310 18
311 15
312 6
313 15
314 12
315 4
316 17
317 1
318 0
319 2
320 8
321 1
322 1
323 2
324 0
325 3
326 2
327 2
328 1
329 0
330 3
331 6
332 14
333 8
334 4
335 7
336 3
337 8
338 2
339 3
340 8
341 19
342 12
343 12
344 0
345 1
346 4
347 4
348 8
349 6
350 18
351 8
352 14
353 14
354 9
355 6
356 8
357 13
358 7
359 9
360 7
361 18
362 16
363 12
364 15
365 6
366 8
367 7
368 4
369 8
370 6
371 8
372 8
373 7
374 19
375 8
376 7
377 11
378 9
379 7
380 13
381 13
382 8
383 12
384 9
385 17
386 16
387 12
388 9
389 1
390 15
391 0
392 18
393 8
394 14
395 13
396 8
397 10
398 10
399 8
400 11
401 15
402 22
403 8
404 12
405 2
406 8
407 8
408 12
409 13
410 1
411 11
412 4
413 29
414 16
415 8
416 10
417 14
418 12
419 4
420 8
421 2
422 3
423 4
424 8
425 10
426 7
427 2
428 3
429 7
430 10
431 5
432 7
433 4
434 8
435 16
436 12
437 18
438 9
439 19
440 11
441 6
442 10
443 8
444 12
445 9
446 3
447 14
448 10
449 14
450 7
451 14
452 11
453 3
454 0
455 0
456 0
457 0
458 16
459 10
460 1
461 9
462 6
463 6
464 10
465 1
466 9
467 11
468 5
469 9
470 3
471 13
472 10
473 0
474 5
475 9
476 10
477 4
478 9
479 11
480 5
481 8
482 19
483 27
484 32
485 25
486 20
487 25
488 19
489 20
490 19
491 16
492 12
493 17
494 23
495 17
496 16
497 14
498 21
499 26
500 26
