frame    mol0
    0      NA
    1   0.894
    2   1.172
    3   1.171
    4   1.245
    5   1.086
    6   1.088
    7   0.964
    8   1.162
    9   1.098
   10   1.047
   11   1.235
   12   1.114
   13   1.029
   14   1.239
   15   1.418
   16   1.474
   17   1.362
   18   1.019
   19   1.283
   20   1.182
   21   1.431
   22   1.283
   23   1.201
   24   1.352
   25   1.362
   26   1.344
   27   1.225
   28   1.229
   29   1.379
   30   1.455
   31   1.170
   32   1.217
   33   1.135
   34   1.181
   35   1.166
   36   1.029
   37   1.081
   38   1.358
   39   1.350
   40   1.328
   41   1.315
   42   1.396
   43   1.253
   44   1.336
   45   1.307
   46   1.217
   47   1.242
   48   1.197
   49   1.309
   50   1.357
   51   1.341
   52   1.177
   53   1.293
   54   1.233
   55   1.271
   56   1.372
   57   1.324
   58   1.166
   59   1.282
   60   1.478
   61   1.422
   62   1.360
   63   1.397
   64   1.535
   65   1.440
   66   1.326
   67   1.476
   68   1.585
   69   1.691
   70   1.635
   71   1.806
   72   1.478
   73   1.379
   74   1.340
   75   1.302
   76   1.417
   77   1.303
   78   1.288
   79   1.416
   80   1.288
   81   1.442
   82   1.409
   83   1.294
   84   1.476
   85   1.395
   86   1.411
   87   1.379
   88   1.401
   89   1.475
   90   1.373
   91   1.834
   92   1.522
   93   1.597
   94   1.415
   95   1.384
   96   1.400
   97   1.481
   98   1.515
   99   1.525
  100   1.512
  101   1.689
  102   1.686
  103   1.738
  104   1.708
  105   1.640
  106   1.686
  107   1.612
  108   1.639
  109   1.688
  110   1.597
  111   1.784
  112   1.580
  113   1.622
  114   1.616
  115   1.709
  116   1.595
  117   1.557
  118   1.716
  119   1.756
  120   1.784
  121   1.586
  122   1.723
  123   1.729
  124   1.609
  125   1.687
  126   1.565
  127   1.641
  128   1.581
  129   1.768
  130   1.737
  131   1.516
  132   1.689
  133   1.742
  134   1.577
  135   1.726
  136   1.749
  137   1.865
  138   1.684
  139   1.712
  140   1.696
  141   1.759
  142   1.830
  143   1.710
  144   1.683
  145   1.774
  146   1.729
  147   1.857
  148   1.914
  149   1.744
  150   1.818
  151   1.788
  152   1.889
  153   1.849
  154   2.268
  155   1.906
  156   2.096
  157   1.819
  158   1.936
  159   1.943
  160   1.968
  161   2.019
  162   2.017
  163   2.043
  164   1.967
  165   2.045
  166   2.056
  167   2.076
  168   2.152
  169   2.110
  170   2.208
  171   1.995
  172   2.033
  173   1.839
  174   1.791
  175   1.936
  176   1.819
  177   2.014
  178   2.013
  179   1.973
  180   1.885
  181   2.056
  182   1.754
  183   1.877
  184   1.888
  185   1.912
  186   1.859
  187   1.991
  188   1.935
  189   1.874
  190   2.120
  191   2.234
  192   2.073
  193   2.121
  194   2.015
  195   2.080
  196   2.082
  197   2.101
  198   2.082
  199   2.150
  200   2.170
  201   2.120
  202   2.091
  203   2.377
  204   2.240
  205   2.342
  206   2.384
  207   2.060
  208   2.120
  209   2.116
  210   2.210
  211   2.448
  212   2.149
  213   2.263
  214   2.413
  215   2.280
  216   2.345
  217   2.409
  218   2.363
  219   2.350
  220   2.225
  221   2.124
  222   2.236
  223   2.289
  224   1.998
  225   1.999
  226   2.058
  227   2.003
  228   2.031
  229   2.005
  230   2.211
  231   2.270
  232   2.145
  233   2.225
  234   2.136
  235   2.059
  236   2.282
  237   2.200
  238   2.263
  239   2.183
  240   2.031
  241   2.203
  242   2.158
  243   2.011
  244   2.283
  245   2.262
  246   2.379
  247   2.282
  248   2.193
  249   2.356
  250   2.465
  251   2.282
  252   2.316
  253   2.499
  254   2.600
  255   2.424
  256   2.377
  257   2.467
  258   2.548
  259   2.375
  260   2.238
  261   2.269
  262   2.795
  263   2.671
  264   2.422
  265   2.524
  266   2.310
  267   2.628
  268   2.403
  269   2.447
  270   2.346
  271   2.367
  272   2.352
  273   2.309
  274   2.419
  275   2.208
  276   2.215
  277   2.305
  278   2.402
  279   2.401
  280   2.432
  281   2.430
  282   2.211
  283   2.419
  284   2.522
  285   2.526
  286   2.274
  287   2.386
  288   2.285
  289   2.263
  290   2.396
  291   2.404
  292   2.266
  293   2.113
  294   2.073
  295   2.237
  296   2.230
  297   2.237
  298   2.166
  299   2.271
  300   2.280
  301   2.571
  302   2.457
  303   2.484
  304   2.473
  305   2.381
  306   2.105
  307   2.176
  308   2.325
  309   2.143
  310   2.226
  311   2.391
  312   2.382
  313   2.279
  314   2.317
  315   2.163
  316   2.145
  317   2.287
  318   2.314
  319   2.196
  320   2.084
  321   2.021
  322   2.085
  323   2.166
  324   2.026
  325   2.008
  326   2.126
  327   2.204
  328   2.277
  329   2.247
  330   2.105
  331   2.168
  332   2.204
  333   2.076
  334   2.073
  335   2.226
  336   2.398
  337   2.285
  338   2.349
  339   2.138
  340   2.207
  341   2.448
  342   2.436
  343   2.542
  344   2.375
  345   2.348
  346   2.345
  347   2.346
  348   2.534
  349   2.404
  350   2.444
  351   2.410
  352   2.290
  353   2.229
  354   2.337
  355   2.092
  356   2.295
  357   2.001
  358   2.183
  359   2.121
  360   2.300
  361   2.344
  362   2.192
  363   2.231
  364   2.392
  365   2.213
  366   2.291
  367   2.173
  368   2.182
  369   1.988
  370   2.124
  371   2.319
  372   2.265
  373   2.160
  374   2.146
  375   2.196
  376   2.074
  377   2.234
  378   2.096
  379   2.191
  380   2.257
  381   2.219
  382   2.302
  383   2.316
  384   2.216
  385   2.264
  386   2.451
  387   2.382
  388   2.644
  389   2.340
  390   2.228
  391   2.311
  392   2.519
  393   2.378
  394   2.446
  395   2.401
  396   2.457
  397   2.427
  398   2.569
  399   2.419
  400   2.433
  401   2.524
  402   2.334
  403   2.620
  404   2.479
  405   2.515
  406   2.394
  407   2.481
  408   2.428
  409   2.383
  410   2.414
  411   2.203
  412   2.309
  413   2.569
  414   2.515
  415   2.577
  416   2.483
  417   2.473
  418   2.365
  419   2.576
  420   2.623
  421   2.538
  422   2.575
  423   2.630
  424   2.478
  425   2.569
  426   2.397
  427   2.588
  428   2.443
  429   2.280
  430   2.490
  431   2.545
  432   2.275
  433   2.347
  434   2.473
  435   2.309
  436   2.402
  437   2.381
  438   2.321
  439   2.316
  440   2.362
  441   2.399
  442   2.342
  443   2.421
  444   2.277
  445   2.332
  446   2.491
  447   2.313
  448   2.181
  449   2.236
  450   2.433
  451   2.400
  452   2.219
  453   2.042
  454   2.043
  455   2.370
  456   2.260
  457   2.351
  458   2.517
  459   2.615
  460   2.467
  461   2.555
  462   2.557
  463   2.414
  464   2.287
  465   2.315
  466   2.435
  467   2.231
  468   2.292
  469   2.302
  470   2.310
  471   2.565
  472   2.533
  473   2.516
  474   2.345
  475   2.327
  476   2.237
  477   2.301
  478   2.319
  479   2.311
  480   2.297
  481   2.352
  482   2.343
  483   2.245
  484   2.032
  485   2.018
  486   2.001
  487   2.105
  488   2.342
  489   2.189
  490   2.221
  491   2.223
  492   2.325
  493   2.383
  494   2.459
  495   2.419
  496   2.434
  497   2.297
  498   2.367
  499   2.429
  500   2.449

